Time        Speed       Wheel       Brake       Acceleration X           Z 
12.56        21.26        0.00        0.00        0.00        274.79        244.98        
12.58        21.49        0.00        0.00        0.00        274.60        245.00        
12.60        21.29        0.00        0.00        0.00        274.41        245.03        
12.62        21.53        0.00        0.00        0.00        274.22        245.06        
12.64        21.34        0.00        0.00        0.00        274.03        245.08        
12.66        21.56        0.00        0.00        0.00        273.84        245.11        
12.68        21.38        0.00        0.00        0.00        273.65        245.14        
12.70        21.59        0.00        0.00        0.00        273.46        245.17        
12.72        21.43        0.00        0.00        0.00        273.27        245.19        
12.74        21.62        0.00        0.00        0.00        273.08        245.22        
12.76        21.48        0.00        0.00        0.00        272.89        245.25        
12.78        21.66        0.00        0.00        0.00        272.69        245.27        
12.80        21.52        0.00        0.00        0.00        272.50        245.30        
12.82        21.69        0.00        0.00        0.00        272.31        245.33        
12.84        21.56        0.00        0.00        0.00        272.12        245.35        
12.86        21.73        0.00        0.00        0.00        271.93        245.38        
12.88        21.59        0.00        0.00        0.00        271.74        245.41        
12.90        21.77        0.00        0.00        0.00        271.54        245.43        
12.92        21.63        0.00        0.00        0.00        271.35        245.46        
12.94        21.80        0.00        0.00        0.00        271.16        245.49        
12.96        21.66        0.00        0.00        0.00        270.97        245.51        
12.98        21.81        0.00        0.00        0.00        270.77        245.54        
13.00        21.68        0.00        0.00        0.00        270.58        245.57        
13.02        21.82        0.00        0.00        0.00        270.39        245.60        
13.04        21.68        0.00        0.00        0.00        270.20        245.62        
13.06        21.80        0.00        0.00        0.00        270.00        245.65        
13.08        21.65        0.00        0.00        0.00        269.81        245.68        
13.10        21.77        0.00        0.00        0.00        269.62        245.70        
13.12        21.61        0.00        0.00        0.00        269.43        245.73        
13.14        21.72        0.00        0.00        0.00        269.24        245.76        
13.16        21.54        0.00        0.00        0.00        269.05        245.78        
13.18        21.65        0.00        0.00        0.00        268.85        245.81        
13.20        21.46        0.00        0.00        0.00        268.66        245.83        
13.22        21.56        0.00        0.00        0.00        268.47        245.86        
13.24        21.30        0.00        0.00        0.00        268.28        245.89        
13.26        21.42        0.00        0.00        0.00        268.09        245.91        
13.28        21.08        0.00        0.00        0.00        267.91        245.94        
13.30        21.21        0.00        0.00        0.00        267.72        245.96        
13.32        20.74        0.00        0.00        0.00        267.54        245.99        
13.34        20.92        0.00        0.00        0.00        267.35        246.02        
13.36        20.38        0.00        0.00        0.00        267.17        246.04        
13.38        20.52        0.00        0.00        0.00        266.99        246.07        
13.40        19.90        0.00        0.00        0.00        266.81        246.09        
13.42        20.03        0.00        0.00        0.00        266.64        246.11        
13.44        19.40        0.00        0.00        0.00        266.46        246.14        
13.46        19.44        0.00        0.00        0.00        266.29        246.16        
13.48        18.81        0.00        0.00        0.00        266.12        246.19        
13.50        18.75        0.00        0.00        0.00        265.96        246.21        
13.52        18.12        0.00        0.00        0.00        265.80        246.23        
13.54        18.01        0.00        0.00        0.00        265.64        246.25        
13.56        17.39        0.00        0.00        0.00        265.48        246.27        
13.58        17.14        0.00        0.00        0.00        265.33        246.30        
13.60        16.52        0.00        0.00        0.00        265.19        246.32        
13.62        16.24        0.00        0.00        0.00        265.04        246.34        
13.64        15.67        0.00        0.00        0.00        264.90        246.35        
13.66        15.29        0.00        0.00        0.00        264.77        246.37        
13.68        14.80        0.00        0.00        0.00        264.64        246.39        
13.70        14.33        0.00        0.00        0.00        264.51        246.41        
13.72        13.88        0.00        0.00        0.00        264.39        246.43        
13.74        13.44        0.00        0.00        0.00        264.27        246.44        
13.76        13.03        0.00        0.00        0.00        264.15        246.46        
13.78        12.71        0.00        0.00        0.00        264.04        246.47        
13.80        12.40        0.00        0.00        0.00        263.93        246.49        
13.82        12.09        0.00        0.00        0.00        263.82        246.50        
13.84        11.78        0.00        0.00        0.00        263.72        246.52        
13.86        11.47        0.00        0.00        0.00        263.62        246.53        
13.88        11.16        0.00        0.00        0.00        263.52        246.54        
13.90        10.89        0.00        0.00        0.00        263.42        246.56        
13.92        10.57        0.00        0.00        0.00        263.33        246.57        
13.94        10.25        0.00        0.00        0.00        263.24        246.58        
13.96        9.94        0.00        0.00        0.00        263.15        246.59        
13.98        9.63        0.00        0.00        0.00        263.06        246.61        
14.00        9.32        0.00        0.00        0.00        262.98        246.62        
14.02        9.01        0.00        0.00        0.00        262.90        246.63        
14.04        8.70        0.00        0.00        0.00        262.82        246.64        
14.06        8.36        0.00        0.00        0.00        262.75        246.65        
14.08        8.33        0.00        0.00        0.00        262.68        246.66        
14.10        8.32        0.00        0.00        0.00        262.60        246.67        
14.12        8.30        0.00        0.00        0.00        262.53        246.68        
14.14        8.28        0.00        0.00        0.00        262.46        246.69        
14.16        8.26        0.00        0.00        0.00        262.38        246.70        
14.18        8.25        0.00        0.00        0.00        262.31        246.71        
14.20        8.23        0.00        0.00        0.00        262.24        246.72        
14.22        8.21        0.00        0.00        0.00        262.16        246.73        
14.24        8.19        0.00        0.00        0.00        262.09        246.74        
14.26        8.18        0.00        0.00        0.00        262.02        246.75        
14.28        8.16        0.00        0.00        0.00        261.95        246.76        
14.30        8.14        0.00        0.00        0.00        261.88        246.77        
14.32        8.13        0.00        0.00        0.00        261.80        246.78        
14.34        8.11        0.00        0.00        0.00        261.73        246.79        
14.36        8.09        0.00        0.00        0.00        261.66        246.80        
14.38        8.07        0.00        0.00        0.00        261.59        246.81        
14.40        8.06        0.00        0.00        0.00        261.52        246.82        
14.42        8.04        0.00        0.00        0.00        261.45        246.83        
14.44        8.02        0.00        0.00        0.00        261.37        246.83        
14.46        8.01        0.00        0.00        0.00        261.30        246.84        
14.48        7.99        0.00        0.00        0.00        261.23        246.85        
14.50        7.97        0.00        0.00        0.00        261.16        246.86        
14.52        7.96        0.00        0.00        0.00        261.09        246.87        
14.54        7.94        0.00        0.00        0.00        261.02        246.88        
14.56        7.92        0.00        0.00        0.00        260.95        246.89        
14.58        7.91        0.00        0.00        0.00        260.88        246.90        
14.60        7.89        0.00        0.00        0.00        260.81        246.91        
14.62        7.87        0.00        0.00        0.00        260.74        246.92        
14.64        7.86        0.00        0.00        0.00        260.67        246.93        
14.66        7.84        0.00        0.00        0.00        260.60        246.94        
14.68        7.82        0.00        0.00        0.00        260.53        246.95        
14.70        7.81        0.00        0.00        0.00        260.46        246.96        
14.72        7.79        0.00        0.00        0.00        260.39        246.97        
14.74        7.78        0.00        0.00        0.00        260.33        246.98        
14.76        7.76        0.00        0.00        0.00        260.26        246.99        
