Time        Speed       Wheel       Brake       Acceleration 
0.00        0.00        0.00        0.00        0.00        
0.02        0.44        0.00        0.00        0.00        
0.04        0.88        0.00        0.00        0.00        
0.06        1.31        0.00        0.00        0.00        
0.08        1.75        0.00        0.00        0.00        
0.10        2.19        0.00        0.00        0.00        
0.12        2.63        0.00        0.00        0.00        
0.14        3.07        0.00        0.00        0.00        
0.16        3.50        0.00        0.00        0.00        
0.18        3.94        0.00        0.00        0.00        
0.20        4.38        0.00        0.00        0.00        
0.22        4.82        0.00        0.00        0.00        
0.24        5.26        0.00        0.00        0.00        
0.26        5.69        0.00        0.00        0.00        
0.28        6.13        0.00        0.00        0.00        
0.30        6.57        0.00        0.00        0.00        
0.32        7.01        0.00        0.00        0.00        
0.34        7.45        0.00        0.00        0.00        
0.36        7.88        0.00        0.00        0.00        
0.38        8.32        0.00        0.00        0.00        
0.40        8.76        0.00        0.00        0.00        
0.42        9.20        0.00        0.00        0.00        
0.44        9.64        0.00        0.00        0.00        
0.46        10.07        0.00        0.00        0.00        
0.48        10.51        0.00        0.00        0.00        
0.50        10.95        0.00        0.00        0.00        
0.52        11.39        0.00        0.00        0.00        
0.54        11.83        0.00        0.00        0.00        
0.56        12.26        0.00        0.00        0.00        
0.58        12.70        0.00        0.00        0.00        
0.60        13.14        0.00        0.00        0.00        
0.62        13.58        0.00        0.00        0.00        
0.64        14.02        0.00        0.00        0.00        
0.66        14.45        0.00        0.00        0.00        
0.68        14.89        0.00        0.00        0.00        
0.70        15.33        0.00        0.00        0.00        
0.72        15.77        0.00        0.00        0.00        
0.74        16.21        0.00        0.00        0.00        
0.76        11.68        0.00        0.00        0.00        
0.78        7.55        0.00        0.00        0.00        
0.80        5.22        0.00        0.00        0.00        
0.82        0.93        0.00        0.00        0.00        
0.84        1.19        0.00        0.00        0.00        
0.86        2.54        0.00        0.00        0.00        
0.88        3.28        0.00        0.00        0.00        
0.90        3.54        0.00        0.00        0.00        
0.92        3.42        0.00        0.00        0.00        
0.94        3.04        0.00        0.00        0.00        
0.96        2.49        0.00        0.00        0.00        
0.98        1.92        0.00        0.00        0.00        
1.00        1.43        0.00        0.00        0.00        
1.02        0.98        0.00        0.00        0.00        
1.04        0.53        0.00        0.00        0.00        
1.06        0.10        0.00        0.00        0.00        
1.08        0.35        0.00        0.00        0.00        
1.10        0.78        0.00        0.00        0.00        
1.12        1.14        0.00        0.00        0.00        
1.14        1.15        0.00        0.00        0.00        
1.16        0.93        0.00        0.00        0.00        
1.18        0.69        0.00        0.00        0.00        
1.20        0.46        0.00        0.00        0.00        
1.22        0.25        0.00        0.00        0.00        
1.24        0.09        0.00        0.00        0.00        
1.26        0.09        0.00        0.00        0.00        
1.28        0.16        0.00        0.00        0.00        
1.30        0.22        0.00        0.00        0.00        
1.32        0.24        0.00        0.00        0.00        
1.34        0.23        0.00        0.00        0.00        
1.36        0.21        0.00        0.00        0.00        
1.38        0.18        0.00        0.00        0.00        
1.40        0.13        0.00        0.00        0.00        
1.42        0.09        0.00        0.00        0.00        
1.44        0.06        0.00        0.00        0.00        
1.46        0.03        0.00        0.00        0.00        
1.48        0.02        0.00        0.00        0.00        
1.50        0.03        0.00        0.00        0.00        
1.52        0.04        0.00        0.00        0.00        
1.54        0.04        0.00        0.00        0.00        
1.56        0.04        0.00        0.00        0.00        
1.58        0.04        0.00        0.00        0.00        
1.60        0.03        0.00        0.00        0.00        
1.62        0.06        0.00        0.00        0.00        
1.64        0.02        0.00        0.00        0.00        
1.66        0.02        0.00        0.00        0.00        
1.68        0.04        0.00        0.00        0.00        
1.70        0.04        0.00        0.00        0.00        
1.72        0.02        0.00        0.00        0.00        
1.74        0.01        0.00        0.00        0.00        
1.76        0.01        0.00        0.00        0.00        
1.78        0.01        0.00        0.00        0.00        
1.80        0.02        0.00        0.00        0.00        
1.82        0.04        0.00        0.00        0.00        
1.84        0.01        0.00        0.00        0.00        
1.86        0.02        0.00        0.00        0.00        
1.88        0.03        0.00        0.00        0.00        
1.90        0.01        0.00        0.00        0.00        
1.92        0.01        0.00        0.00        0.00        
1.94        0.03        0.00        0.00        0.00        
1.96        0.02        0.00        0.00        0.00        
1.98        0.02        0.00        0.00        0.00        
2.00        0.00        0.00        0.00        0.00        
2.02        0.03        0.00        0.00        0.00        
2.04        0.00        0.00        0.00        0.00        
2.06        0.00        0.00        0.00        0.00        
2.08        0.00        0.00        0.00        0.00        
2.10        0.03        0.00        0.00        0.00        
2.12        0.00        0.00        0.00        0.00        
2.14        0.01        0.00        0.00        0.00        
2.16        0.05        0.00        0.00        0.00        
2.18        0.01        0.00        0.00        0.00        
2.20        0.00        0.00        0.00        0.00        
2.22        0.02        0.00        0.00        0.00        
2.24        0.01        0.00        0.00        0.00        
2.26        0.02        0.00        0.00        0.00        
2.28        0.01        0.00        0.00        0.00        
2.30        0.01        0.00        0.00        0.00        
2.32        0.03        0.00        0.00        0.00        
2.34        0.01        0.00        0.00        0.00        
2.36        0.02        0.00        0.00        0.00        
2.38        0.01        0.00        0.00        0.00        
2.40        0.02        0.00        0.00        0.00        
2.42        0.01        0.00        0.00        0.00        
2.44        0.01        0.00        0.00        0.00        
2.46        0.01        0.00        0.00        0.00        
2.48        0.02        0.00        0.00        0.00        
2.50        0.01        0.00        0.00        0.00        
2.52        0.02        0.00        0.00        0.00        
2.54        0.01        0.00        0.00        0.00        
2.56        0.00        0.00        0.00        0.00        
2.58        0.01        0.00        0.00        0.00        
2.60        0.01        0.00        0.00        0.00        
2.62        0.04        0.00        0.00        0.00        
2.64        0.01        0.00        0.00        0.00        
2.66        0.04        0.00        0.00        0.00        
2.68        0.00        0.00        0.00        0.00        
2.70        0.03        0.00        0.00        0.00        
2.72        0.05        0.00        0.00        0.00        
2.74        0.01        0.00        0.00        0.00        
2.76        0.01        0.00        0.00        0.00        
2.78        0.00        0.00        0.00        0.00        
2.80        0.03        0.00        0.00        0.00        
2.82        0.01        0.00        0.00        0.00        
2.84        0.00        0.00        0.00        0.00        
2.86        0.00        0.00        0.00        0.00        
2.88        0.01        0.00        0.00        0.00        
2.90        0.01        0.00        0.00        0.00        
2.92        0.05        0.00        0.00        0.00        
2.94        0.02        0.00        0.00        0.00        
2.96        0.03        0.00        0.00        0.00        
2.98        0.02        0.00        0.00        0.00        
3.00        0.00        0.00        0.00        0.00        
3.02        0.01        0.00        0.00        0.00        
3.04        0.01        0.00        0.00        0.00        
3.06        0.03        0.00        0.00        0.00        
3.08        0.00        0.00        0.00        0.00        
3.10        0.05        0.00        0.00        0.00        
3.12        0.00        0.00        0.00        0.00        
3.14        0.02        0.00        0.00        0.00        
3.16        0.01        0.00        0.00        0.00        
3.18        0.02        0.00        0.00        0.00        
3.20        0.02        0.00        0.00        0.00        
3.22        0.02        0.00        0.00        0.00        
3.24        0.00        0.00        0.00        0.00        
3.26        0.01        0.00        0.00        0.00        
3.28        0.02        0.00        0.00        0.00        
3.30        0.02        0.00        0.00        0.00        
3.32        0.04        0.00        0.00        0.00        
3.34        0.00        0.00        0.00        0.00        
3.36        0.02        0.00        0.00        0.00        
3.38        0.03        0.00        0.00        0.00        
3.40        0.03        0.00        0.00        0.00        
3.42        0.02        0.00        0.00        0.00        
3.44        0.01        0.00        0.00        0.00        
3.46        0.01        0.00        0.00        0.00        
3.48        0.01        0.00        0.00        0.00        
3.50        0.01        0.00        0.00        0.00        
3.52        0.03        0.00        0.00        0.00        
3.54        0.01        0.00        0.00        0.00        
3.56        0.01        0.00        0.00        0.00        
3.58        0.01        0.00        0.00        0.00        
3.60        0.02        0.00        0.00        0.00        
3.62        0.01        0.00        0.00        0.00        
3.64        0.01        0.00        0.00        0.00        
3.66        0.02        0.00        0.00        0.00        
3.68        0.02        0.00        0.00        0.00        
3.70        0.01        0.00        0.00        0.00        
3.72        0.01        0.00        0.00        0.00        
3.74        0.01        0.00        0.00        0.00        
3.76        0.01        0.00        0.00        0.00        
3.78        0.00        0.00        0.00        0.00        
3.80        0.03        0.00        0.00        0.00        
3.82        0.02        0.00        0.00        0.00        
3.84        0.02        0.00        0.00        0.00        
3.86        0.02        0.00        0.00        0.00        
3.88        0.03        0.00        0.00        0.00        
3.90        0.03        0.00        0.00        0.00        
3.92        0.01        0.00        0.00        0.00        
3.94        0.01        0.00        0.00        0.00        
3.96        0.03        0.00        0.00        0.00        
3.98        0.00        0.00        0.00        0.00        
4.00        0.01        0.00        0.00        0.00        
4.02        0.00        0.00        0.00        0.00        
4.04        0.01        0.00        0.00        0.00        
4.06        0.01        0.00        0.00        0.00        
4.08        0.01        0.00        0.00        0.00        
4.10        0.02        0.00        0.00        0.00        
4.12        0.00        0.00        0.00        0.00        
4.14        0.01        0.00        0.00        0.00        
4.16        0.01        0.00        0.00        0.00        
4.18        0.02        0.00        0.00        0.00        
4.20        0.01        0.00        0.00        0.00        
4.22        0.00        0.00        0.00        0.00        
4.24        0.02        0.00        0.00        0.00        
4.26        0.02        0.00        0.00        0.00        
4.28        0.01        0.00        0.00        0.00        
4.30        0.03        0.00        0.00        0.00        
4.32        0.01        0.00        0.00        0.00        
4.34        0.01        0.00        0.00        0.00        
4.36        0.01        0.00        0.00        0.00        
4.38        0.00        0.00        0.00        0.00        
4.40        0.05        0.00        0.00        0.00        
4.42        0.01        0.00        0.00        0.00        
4.44        0.00        0.00        0.00        0.00        
4.46        0.01        0.00        0.00        0.00        
4.48        0.03        0.00        0.00        0.00        
4.50        0.00        0.00        0.00        0.00        
4.52        0.03        0.00        0.00        0.00        
4.54        0.00        0.00        0.00        0.00        
4.56        0.02        0.00        0.00        0.00        
4.58        0.01        0.00        0.00        0.00        
4.60        0.00        0.00        0.00        0.00        
4.62        0.00        0.00        0.00        0.00        
4.64        0.03        0.00        0.00        0.00        
4.66        0.00        0.00        0.00        0.00        
4.68        0.04        0.00        0.00        0.00        
4.70        0.01        0.00        0.00        0.00        
4.72        0.02        0.00        0.00        0.00        
4.74        0.01        0.00        0.00        0.00        
4.76        0.01        0.00        0.00        0.00        
4.78        0.03        0.00        0.00        0.00        
4.80        0.01        0.00        0.00        0.00        
4.82        0.00        0.00        0.00        0.00        
4.84        0.01        0.00        0.00        0.00        
4.86        0.00        0.00        0.00        0.00        
4.88        0.02        0.00        0.00        0.00        
4.90        0.03        0.00        0.00        0.00        
4.92        0.00        0.00        0.00        0.00        
4.94        0.02        0.00        0.00        0.00        
4.96        0.01        0.00        0.00        0.00        
4.98        0.01        0.00        0.00        0.00        
5.00        0.04        0.00        0.00        0.00        
5.02        0.02        0.00        0.00        0.00        
5.04        0.02        0.00        0.00        0.00        
5.06        0.03        0.00        0.00        0.00        
5.08        0.01        0.00        0.00        0.00        
5.10        0.01        0.00        0.00        0.00        
5.12        0.00        0.00        0.00        0.00        
5.14        0.01        0.00        0.00        0.00        
5.16        0.00        0.00        0.00        0.00        
5.18        0.01        0.00        0.00        0.00        
5.20        0.00        0.00        0.00        0.00        
5.22        0.00        0.00        0.00        0.00        
5.24        0.00        0.00        0.00        0.00        
5.26        0.01        0.00        0.00        0.00        
5.28        0.01        0.00        0.00        0.00        
5.30        0.02        0.00        0.00        0.00        
5.32        0.02        0.00        0.00        0.00        
5.34        0.01        0.00        0.00        0.00        
5.36        0.00        0.00        0.00        0.00        
5.38        0.02        0.00        0.00        0.00        
5.40        0.00        0.00        0.00        0.00        
5.42        0.01        0.00        0.00        0.00        
5.44        0.01        0.00        0.00        0.00        
5.46        0.01        0.00        0.00        0.00        
5.48        0.01        0.00        0.00        0.00        
5.50        0.00        0.00        0.00        0.00        
5.52        0.00        0.00        0.00        0.00        
5.54        0.01        0.00        0.00        0.00        
5.56        0.01        0.00        0.00        0.00        
5.58        0.02        0.00        0.00        0.00        
5.60        0.03        0.00        0.00        0.00        
5.62        0.01        0.00        0.00        0.00        
5.64        0.00        0.00        0.00        0.00        
5.66        0.00        0.00        0.00        0.00        
5.68        0.01        0.00        0.00        0.00        
5.70        0.00        0.00        0.00        0.00        
5.72        0.01        0.00        0.00        0.00        
5.74        0.01        0.00        0.00        0.00        
5.76        0.03        0.00        0.00        0.00        
5.78        0.03        0.00        0.00        0.00        
5.80        0.02        0.00        0.00        0.00        
5.82        0.00        0.00        0.00        0.00        
5.84        0.00        0.00        0.00        0.00        
5.86        0.06        0.00        0.00        0.00        
5.88        0.02        0.00        0.00        0.00        
5.90        0.01        0.00        0.00        0.00        
5.92        0.01        0.00        0.00        0.00        
5.94        0.00        0.00        0.00        0.00        
5.96        0.04        0.00        0.00        0.00        
5.98        0.01        0.00        0.00        0.00        
6.00        0.03        0.00        0.00        0.00        
6.02        0.05        0.00        0.00        0.00        
6.04        0.03        0.00        0.00        0.00        
6.06        0.02        0.00        0.00        0.00        
6.08        0.02        0.00        0.00        0.00        
6.10        0.05        0.00        0.00        0.00        
6.12        0.00        0.00        0.00        0.00        
6.14        0.03        0.00        0.00        0.00        
6.16        0.01        0.00        0.00        0.00        
6.18        0.00        0.00        0.00        0.00        
6.20        0.01        0.00        0.00        0.00        
6.22        0.05        0.00        0.00        0.00        
6.24        0.03        0.00        0.00        0.00        
6.26        0.02        0.00        0.00        0.00        
6.28        0.03        0.00        0.00        0.00        
6.30        0.02        0.00        0.00        0.00        
6.32        0.02        0.00        0.00        0.00        
6.34        0.00        0.00        0.00        0.00        
6.36        0.02        0.00        0.00        0.00        
6.38        0.01        0.00        0.00        0.00        
6.40        0.00        0.00        0.00        0.00        
6.42        0.01        0.00        0.00        0.00        
6.44        0.01        0.00        0.00        0.00        
6.46        0.01        0.00        0.00        0.00        
6.48        0.03        0.00        0.00        0.00        
6.50        0.02        0.00        0.00        0.00        
6.52        0.02        0.00        0.00        0.00        
6.54        0.03        0.00        0.00        0.00        
6.56        0.01        0.00        0.00        0.00        
