0         0
0.02         0.439999997615814
0.04         0.540000021457672
0.06         0.529999971389771
0.08         0.479999989271164
0.1         0.400000005960464
0.12         0.310000002384186
0.14         0.209999993443489
0.16         0.129999995231628
0.18         0.0500000007450581
0.2         0.00999999977648258
0.22         0.0500000007450581
0.24         0.0799999982118607
0.26         0.0900000035762787
0.28         0.100000001490116
0.3         0.0900000035762787
0.32         0.0700000002980232
0.34         0.0599999986588955
0.36         0.0399999991059303
0.38         0.0500000007450581
0.4         0.00999999977648258
0.42         0.0500000007450581
0.44         0.109999999403954
0.46         0.150000005960464
0.48         0.180000007152557
0.5         0.230000004172325
0.52         0.28999999165535
0.54         0.389999985694885
0.56         0.46000000834465
0.58         0.629999995231628
0.6         0.740000009536743
0.62         0.850000023841858
0.64         0.970000028610229
0.66         1.14999997615814
0.68         1.33000004291534
0.7         1.55999994277954
0.72         1.72000002861023
0.74         1.95000004768372
0.76         2.13000011444092
0.78         2.34999990463257
0.8         2.52999997138977
0.82         2.74000000953674
0.84         2.96000003814697
0.86         3.17000007629395
0.88         3.40000009536743
0.9         3.61999988555908
0.92         3.84999990463257
0.94         4.07999992370605
0.96         4.30999994277954
0.98         4.55000019073486
1         4.78999996185303
1.02         5.03000020980835
1.04         5.26999998092651
1.06         5.51999998092651
1.08         5.76000022888184
1.1         6
1.12         6.23999977111816
1.14         6.48000001907349
1.16         6.71999979019165
1.18         6.96999979019165
1.2         7.19999980926514
1.22         7.44000005722046
1.24         7.67999982833862
1.26         7.92000007629395
1.28         8.15999984741211
1.3         8.39999961853027
1.32         8.63000011444092
1.34         8.86999988555908
1.36         9.10999965667725
1.38         9.34000015258789
1.4         9.57999992370605
1.42         9.8100004196167
1.44         10.039999961853
1.46         10.2799997329712
1.48         10.5100002288818
1.5         10.7399997711182
1.52         10.9700002670288
1.54         11.210000038147
1.56         11.5200004577637
1.58         11.5299997329712
1.6         12.0299997329712
1.62         11.8699998855591
1.64         12.3999996185303
1.66         12.539999961853
1.68         12.8999996185303
1.7         12.9099998474121
1.72         13.3999996185303
1.74         13.289999961853
1.76         13.8299999237061
1.78         13.789999961853
1.8         14.3000001907349
1.82         14.210000038147
1.84         14.7399997711182
1.86         14.6999998092651
1.88         15.1899995803833
1.9         15.1400003433228
1.92         15.6300001144409
1.94         15.6000003814697
1.96         16.0699996948242
1.98         16.0499992370605
2         16.5100002288818
2.02         16.5
2.04         16.9500007629395
2.06         16.9500007629395
2.08         17.3799991607666
2.1         17.3999996185303
2.12         17.8099994659424
2.14         17.8500003814697
2.16         18.2299995422363
2.18         18.2999992370605
2.2         18.6599998474121
2.22         18.7399997711182
2.24         19.0799999237061
2.26         19.1800003051758
2.28         19.5
2.3         19.6299991607666
2.32         19.9200000762939
2.34         20.0599994659424
2.36         20.3299999237061
2.38         20.5
2.4         20.75
2.42         20.9300003051758
2.44         21.1599998474121
2.46         21.3600006103516
2.48         21.5799999237061
2.5         21.7800006866455
2.52         22
2.54         22.2000007629395
2.56         22.4099998474121
2.58         22.6200008392334
2.6         22.8199996948242
2.62         23.0300006866455
2.64         23.2399997711182
2.66         23.4400005340576
2.68         23.6499996185303
2.7         23.8500003814697
2.72         24.0599994659424
2.74         24.2600002288818
2.76         24.4699993133545
2.78         24.6700000762939
2.8         24.8700008392334
2.82         25.0699996948242
2.84         25.2800006866455
2.86         25.4799995422363
2.88         25.6800003051758
2.9         25.8799991607666
2.92         26.0799999237061
2.94         26.2800006866455
2.96         26.4799995422363
2.98         26.6800003051758
3         26.8799991607666
3.02         27.0799999237061
3.04         27.2700004577637
3.06         27.4699993133545
3.08         27.6700000762939
3.1         27.8700008392334
3.12         28.0599994659424
3.14         28.2600002288818
3.16         28.4500007629395
3.18         28.6499996185303
3.2         28.8400001525879
3.22         29.0400009155273
3.24         29.2299995422363
3.26         29.4200000762939
3.28         29.6200008392334
3.3         29.8099994659424
3.32         30
3.34         30.1900005340576
3.36         30.3799991607666
3.38         30.5799999237061
3.4         30.7700004577637
3.42         30.9599990844727
3.44         31.1499996185303
3.46         31.3400001525879
3.48         31.5200004577637
3.5         31.7099990844727
3.52         31.8999996185303
3.54         32.0900001525879
3.56         32.2799987792969
3.58         32.4599990844727
3.6         32.6500015258789
3.62         32.8400001525879
3.64         33.0200004577637
3.66         33.2099990844727
3.68         33.3899993896484
3.7         33.5800018310547
3.72         33.7599983215332
3.74         33.9500007629395
3.76         34.1300010681152
3.78         34.310001373291
3.8         34.4900016784668
3.82         34.6800003051758
3.84         34.8600006103516
3.86         35.0400009155273
3.88         35.2200012207031
3.9         35.4000015258789
3.92         35.5800018310547
3.94         35.7599983215332
3.96         35.939998626709
3.98         36.1199989318848
4         36.2999992370605
4.02         36.4799995422363
4.04         36.6599998474121
4.06         36.8400001525879
4.08         37.0099983215332
4.1         37.189998626709
4.12         37.3699989318848
4.14         37.5400009155273
4.16         37.689998626709
4.18         37.8300018310547
4.2         37.9500007629395
4.22         38.060001373291
4.24         38.1599998474121
4.26         38.2299995422363
4.28         38.2799987792969
4.3         38.3300018310547
