0.00         0.00
0.02         0.44
0.04         0.54
0.06         0.53
0.08         0.48
0.10         0.41
0.12         0.34
0.14         0.29
0.16         0.27
0.18         0.26
0.20         0.28
0.22         0.36
0.24         0.42
0.26         0.45
0.28         0.57
0.30         0.63
0.32         0.72
0.34         0.82
0.36         0.94
0.38         1.05
0.40         1.20
0.42         1.33
0.44         1.50
0.46         1.62
0.48         1.72
0.50         1.88
0.52         2.03
0.54         2.20
0.56         2.37
0.58         2.50
0.60         2.70
0.62         2.84
0.64         3.02
0.66         3.20
0.68         3.38
0.70         3.57
0.72         3.75
0.74         3.94
0.76         4.13
0.78         4.33
0.80         4.53
0.82         4.73
0.84         4.94
0.86         5.15
0.88         5.36
0.90         5.58
0.92         5.80
0.94         6.03
0.96         6.25
0.98         6.49
1.00         6.72
1.02         6.96
1.04         7.20
1.06         7.44
1.08         7.68
1.10         7.92
1.12         8.16
1.14         8.39
1.16         8.63
1.18         8.87
1.20         9.10
1.22         9.34
1.24         9.57
1.26         9.81
1.28         10.04
1.30         10.27
1.32         10.51
1.34         10.74
1.36         10.97
1.38         11.20
1.40         11.52
1.42         11.52
1.44         12.03
1.46         11.87
1.48         12.40
1.50         12.54
1.52         12.90
1.54         12.91
1.56         13.40
1.58         13.29
1.60         13.83
1.62         13.79
1.64         14.30
1.66         14.21
1.68         14.73
1.70         14.69
1.72         15.19
1.74         15.13
1.76         15.63
1.78         15.59
1.80         16.07
1.82         16.05
1.84         16.51
1.86         16.50
1.88         16.94
1.90         16.95
1.92         17.38
1.94         17.40
1.96         17.81
1.98         17.85
2.00         18.23
2.02         18.29
2.04         18.66
2.06         18.74
2.08         19.08
2.10         19.18
2.12         19.50
2.14         19.62
2.16         19.91
2.18         20.06
2.20         20.33
2.22         20.50
2.24         20.75
2.26         20.93
2.28         21.16
2.30         21.35
2.32         21.58
2.34         21.78
2.36         21.99
2.38         22.20
2.40         22.41
2.42         22.61
2.44         22.82
2.46         23.03
2.48         23.23
2.50         23.44
2.52         23.65
2.54         23.85
2.56         24.06
2.58         24.26
2.60         24.46
2.62         24.67
2.64         24.87
2.66         25.07
2.68         25.27
2.70         25.48
2.72         25.68
2.74         25.88
2.76         26.08
2.78         26.28
2.80         26.48
2.82         26.68
2.84         26.88
2.86         27.07
2.88         27.27
2.90         27.47
2.92         27.67
2.94         27.86
2.96         28.06
2.98         28.26
3.00         28.45
3.02         28.65
3.04         28.84
3.06         29.03
3.08         29.23
3.10         29.42
3.12         29.61
3.14         29.81
3.16         30.00
3.18         30.19
3.20         30.38
3.22         30.57
3.24         30.76
3.26         30.95
3.28         31.14
3.30         31.33
3.32         31.52
3.34         31.71
3.36         31.90
3.38         32.09
3.40         32.27
3.42         32.46
3.44         32.65
3.46         32.83
3.48         33.02
3.50         33.21
3.52         33.39
3.54         33.58
3.56         33.76
3.58         33.94
3.60         34.13
3.62         34.31
3.64         34.49
3.66         34.67
3.68         34.86
3.70         35.04
3.72         35.22
3.74         35.40
3.76         35.58
3.78         35.76
3.80         35.94
3.82         36.12
3.84         36.30
3.86         36.48
3.88         36.66
3.90         36.83
3.92         37.01
3.94         37.19
3.96         37.36
3.98         37.54
4.00         37.72
4.02         37.89
4.04         38.07
4.06         38.24
4.08         38.42
4.10         38.59
4.12         38.77
4.14         38.94
4.16         39.11
4.18         39.28
4.20         39.46
4.22         39.63
4.24         39.80
4.26         39.97
4.28         40.14
4.30         40.31
4.32         40.48
4.34         40.65
4.36         40.82
4.38         40.99
4.40         41.16
4.42         41.33
4.44         41.50
4.46         41.66
4.48         41.83
4.50         42.00
4.52         42.17
4.54         42.33
4.56         42.50
4.58         42.66
4.60         42.83
4.62         42.99
4.64         43.16
4.66         43.32
4.68         43.49
4.70         43.65
4.72         43.81
4.74         43.98
4.76         44.14
4.78         44.30
4.80         44.46
4.82         44.62
4.84         44.78
4.86         44.95
4.88         45.11
4.90         45.27
4.92         45.43
4.94         45.58
4.96         45.74
4.98         45.90
5.00         46.06
5.02         46.22
5.04         46.38
5.06         46.53
5.08         46.69
5.10         46.85
5.12         47.00
5.14         47.16
5.16         47.32
5.18         47.47
5.20         47.63
5.22         47.78
5.24         47.94
5.26         48.09
5.28         48.24
5.30         48.40
5.32         48.55
5.34         48.70
5.36         48.86
5.38         49.01
5.40         49.16
5.42         49.31
5.44         49.46
5.46         49.62
5.48         49.77
5.50         49.92
5.52         50.07
5.54         50.22
5.56         50.37
5.58         50.51
5.60         50.66
5.62         50.81
5.64         50.96
5.66         51.11
5.68         51.26
5.70         51.40
5.72         51.55
5.74         51.70
5.76         51.84
5.78         51.99
5.80         52.13
5.82         52.28
5.84         52.42
5.86         52.57
5.88         52.71
5.90         52.86
5.92         53.00
5.94         53.15
5.96         53.29
5.98         53.43
6.00         53.57
6.02         53.72
6.04         53.86
6.06         54.00
6.08         54.14
6.10         54.28
6.12         54.42
6.14         54.56
6.16         54.70
6.18         54.84
6.20         54.98
6.22         55.12
6.24         55.26
6.26         55.40
6.28         55.54
6.30         55.68
6.32         55.82
6.34         55.95
6.36         56.09
6.38         56.23
6.40         56.37
6.42         56.50
6.44         56.64
6.46         56.77
6.48         56.91
6.50         57.05
6.52         57.18
6.54         57.32
6.56         57.45
6.58         57.58
6.60         57.72
6.62         57.85
6.64         57.99
6.66         58.12
6.68         58.25
6.70         58.38
6.72         58.52
6.74         58.65
6.76         58.78
6.78         58.91
6.80         59.04
6.82         59.17
6.84         59.30
6.86         59.43
6.88         59.56
6.90         59.69
6.92         59.82
6.94         59.95
6.96         60.08
6.98         60.21
7.00         60.34
7.02         60.47
7.04         60.60
7.06         60.72
7.08         60.85
7.10         60.98
7.12         61.10
7.14         61.23
7.16         61.36
7.18         61.48
7.20         61.61
7.22         61.73
7.24         61.86
7.26         61.98
7.28         62.11
7.30         62.23
7.32         62.36
7.34         62.48
7.36         62.61
7.38         62.73
7.40         62.85
7.42         62.98
7.44         63.10
7.46         63.22
7.48         63.34
7.50         63.46
7.52         63.59
7.54         63.71
7.56         63.83
7.58         63.95
7.60         64.07
7.62         64.19
7.64         64.31
7.66         64.43
7.68         64.55
7.70         64.67
7.72         64.79
7.74         64.91
7.76         65.03
7.78         65.14
7.80         65.26
7.82         65.38
7.84         65.50
7.86         65.62
7.88         65.73
7.90         65.85
7.92         65.97
7.94         66.08
7.96         66.20
7.98         66.31
8.00         66.43
8.02         66.55
8.04         66.66
8.06         66.78
8.08         66.89
8.10         67.00
8.12         67.12
8.14         67.23
8.16         67.35
8.18         67.46
8.20         67.57
8.22         67.69
8.24         67.80
8.26         67.91
8.28         68.02
8.30         68.14
8.32         68.25
8.34         68.36
8.36         68.47
8.38         68.58
8.40         68.69
8.42         68.80
8.44         68.91
8.46         69.02
8.48         69.13
8.50         69.24
8.52         69.35
8.54         69.46
8.56         69.57
8.58         69.68
8.60         69.79
8.62         69.90
8.64         70.01
8.66         70.11
8.68         70.22
8.70         70.33
8.72         70.44
8.74         70.54
8.76         70.65
8.78         70.76
8.80         70.86
8.82         70.97
8.84         71.07
8.86         71.18
8.88         71.29
8.90         71.39
8.92         71.50
8.94         71.60
8.96         71.71
8.98         71.81
9.00         71.91
9.02         72.02
9.04         72.12
9.06         72.22
9.08         72.33
9.10         72.43
9.12         72.53
9.14         72.64
9.16         72.74
9.18         72.84
9.20         72.94
9.22         73.04
9.24         73.15
9.26         73.25
9.28         73.35
9.30         73.45
9.32         73.55
9.34         73.65
9.36         73.75
9.38         73.85
9.40         73.95
9.42         74.04
9.44         74.15
9.46         74.25
9.48         74.34
9.50         74.45
9.52         74.55
9.54         74.65
9.56         74.75
9.58         74.85
9.60         74.94
9.62         75.04
9.64         75.13
9.66         75.23
9.68         75.33
9.70         75.42
9.72         75.52
9.74         75.61
9.76         75.71
9.78         75.81
9.80         75.90
9.82         76.00
9.84         76.09
9.86         76.19
9.88         76.29
9.90         76.38
9.92         76.47
9.94         76.57
9.96         76.66
9.98         76.76
10.00         76.85
10.02         76.94
10.04         77.04
10.06         77.13
10.08         77.22
10.10         77.32
10.12         77.41
10.14         77.50
10.16         77.59
10.18         77.69
10.20         77.78
10.22         77.87
10.24         77.96
10.26         78.05
10.28         78.14
10.30         78.23
10.32         78.32
10.34         78.41
10.36         78.51
10.38         78.60
10.40         78.69
10.42         78.77
10.44         78.86
10.46         78.95
10.48         79.04
10.50         79.13
10.52         79.22
10.54         79.31
10.56         79.40
10.58         79.49
10.60         79.57
10.62         79.66
10.64         79.75
10.66         79.84
10.68         79.92
10.70         80.01
10.72         80.10
10.74         80.18
10.76         80.27
10.78         80.36
10.80         80.44
10.82         80.53
10.84         80.62
10.86         80.70
10.88         80.79
10.90         80.87
10.92         80.96
10.94         81.04
10.96         81.13
10.98         81.21
11.00         81.30
11.02         81.38
11.04         81.46
11.06         81.55
11.08         81.63
11.10         81.72
11.12         81.80
11.14         81.88
11.16         81.97
11.18         82.05
11.20         82.13
11.22         82.21
11.24         82.30
11.26         82.38
11.28         82.46
11.30         82.54
11.32         82.62
11.34         82.70
11.36         82.79
11.38         82.87
11.40         82.95
11.42         83.03
11.44         83.11
11.46         83.19
11.48         83.27
11.50         83.35
11.52         83.43
11.54         83.51
11.56         83.59
11.58         83.67
11.60         83.75
11.62         83.83
11.64         83.91
11.66         83.98
11.68         84.06
11.70         84.14
11.72         84.22
11.74         84.30
11.76         84.38
11.78         84.45
11.80         84.53
11.82         84.61
11.84         84.69
11.86         84.76
11.88         84.84
11.90         84.92
11.92         84.99
11.94         85.07
11.96         85.15
11.98         85.22
12.00         85.30
12.02         85.37
12.04         85.45
12.06         85.53
12.08         85.60
12.10         85.68
12.12         85.75
12.14         85.83
12.16         85.90
12.18         85.98
12.20         86.05
12.22         86.12
12.24         86.20
12.26         86.27
12.28         86.35
12.30         86.42
12.32         86.49
12.34         86.57
12.36         86.64
12.38         86.71
12.40         86.79
12.42         86.86
12.44         86.93
12.46         87.00
12.48         87.08
12.50         87.15
12.52         87.22
12.54         87.29
12.56         87.36
12.58         87.43
12.60         87.51
12.62         87.58
12.64         87.65
12.66         87.72
12.68         87.79
12.70         87.86
12.72         87.93
12.74         88.00
12.76         88.07
12.78         88.14
12.80         88.21
12.82         88.28
12.84         88.35
12.86         88.42
12.88         88.49
12.90         88.56
12.92         88.63
12.94         88.70
12.96         88.76
12.98         88.83
13.00         88.90
13.02         88.97
13.04         89.04
13.06         89.11
13.08         89.17
13.10         89.24
13.12         89.31
13.14         89.38
13.16         89.44
13.18         89.51
13.20         89.58
13.22         89.65
13.24         89.71
13.26         89.78
13.28         89.84
13.30         89.91
13.32         89.98
13.34         90.04
13.36         90.11
13.38         90.17
13.40         90.24
13.42         90.31
13.44         90.37
13.46         90.44
13.48         90.50
13.50         90.57
13.52         90.63
13.54         90.70
13.56         90.76
13.58         90.82
13.60         90.89
13.62         90.95
13.64         91.02
13.66         91.08
13.68         91.14
13.70         91.21
13.72         91.27
13.74         91.34
13.76         91.40
13.78         91.46
13.80         91.52
13.82         91.59
13.84         91.65
13.86         91.71
13.88         91.77
13.90         91.84
13.92         91.90
13.94         91.96
13.96         92.02
13.98         92.08
14.00         92.15
14.02         92.21
14.04         92.27
14.06         92.33
14.08         92.39
14.10         92.45
0.00         0.00
0.02         0.44
0.04         0.54
0.06         0.53
0.08         0.48
0.10         0.40
0.12         0.31
0.14         0.21
0.16         0.13
0.18         0.05
0.20         0.01
0.22         0.05
0.24         0.08
0.26         0.09
0.28         0.10
0.30         0.09
0.32         0.08
0.34         0.06
0.36         0.04
0.38         0.03
0.40         0.01
0.42         0.00
0.44         0.01
0.46         0.01
0.48         0.02
0.50         0.02
0.52         0.02
0.54         0.01
0.56         0.01
0.58         0.01
0.60         0.01
0.62         0.00
0.64         0.00
0.66         0.00
0.68         0.00
0.70         0.00
0.72         0.01
0.74         0.03
0.76         0.05
0.78         0.09
0.80         0.14
0.82         0.23
0.84         0.32
0.86         0.38
0.88         0.52
0.90         0.63
0.92         0.75
0.94         0.93
0.96         1.10
0.98         1.27
1.00         1.53
1.02         1.77
1.04         2.03
1.06         2.28
1.08         2.54
1.10         2.78
1.12         3.03
1.14         3.27
1.16         3.52
1.18         3.77
1.20         4.01
1.22         4.26
1.24         4.51
1.26         4.75
1.28         4.99
1.30         5.24
1.32         5.48
1.34         5.72
1.36         5.97
1.38         6.21
1.40         6.45
1.42         6.69
1.44         6.93
1.46         7.17
1.48         7.41
1.50         7.65
1.52         7.89
1.54         8.12
1.56         8.36
1.58         8.60
1.60         8.84
1.62         9.07
1.64         9.31
1.66         9.54
1.68         9.78
1.70         10.01
1.72         10.24
1.74         10.48
1.76         10.71
1.78         10.94
1.80         11.17
1.82         11.40
1.84         11.72
1.86         11.73
1.88         12.23
1.90         12.08
1.92         12.61
1.94         12.72
1.96         13.12
1.98         13.07
2.00         13.59
2.02         13.49
2.04         14.02
2.06         13.99
2.08         14.49
2.10         14.41
2.12         14.93
2.14         14.89
2.16         15.38
2.18         15.33
2.20         15.82
2.22         15.79
2.24         16.26
2.26         16.24
2.28         16.70
2.30         16.69
2.32         17.13
2.34         17.14
2.36         17.56
2.38         17.59
2.40         17.99
2.42         18.04
2.44         18.42
2.46         18.49
2.48         18.84
2.50         18.93
2.52         19.26
2.54         19.37
2.56         19.68
2.58         19.81
2.60         20.09
2.62         20.25
2.64         20.51
2.66         20.68
2.68         20.93
2.70         21.11
2.72         21.34
2.74         21.54
2.76         21.76
2.78         21.96
2.80         22.17
2.82         22.38
2.84         22.59
2.86         22.79
2.88         23.00
2.90         23.21
2.92         23.41
2.94         23.62
2.96         23.82
2.98         24.03
3.00         24.23
3.02         24.44
3.04         24.64
3.06         24.84
3.08         25.05
3.10         25.25
3.12         25.45
3.14         25.65
3.16         25.85
3.18         26.05
3.20         26.25
3.22         26.45
3.24         26.65
3.26         26.85
3.28         27.05
3.30         27.25
3.32         27.44
3.34         27.64
3.36         27.84
3.38         28.03
3.40         28.23
3.42         28.43
3.44         28.62
3.46         28.81
3.48         29.01
3.50         29.20
3.52         29.40
3.54         29.59
3.56         29.78
3.58         29.97
3.60         30.17
3.62         30.36
3.64         30.55
3.66         30.74
3.68         30.93
3.70         31.12
3.72         31.31
3.74         31.50
3.76         31.69
3.78         31.87
3.80         32.06
3.82         32.25
3.84         32.44
3.86         32.62
3.88         32.81
3.90         33.00
3.92         33.18
3.94         33.37
3.96         33.55
3.98         33.74
4.00         33.92
4.02         34.10
4.04         34.29
4.06         34.47
4.08         34.65
4.10         34.83
4.12         35.01
4.14         35.20
4.16         35.38
4.18         35.56
4.20         35.74
4.22         35.92
4.24         36.10
4.26         36.28
4.28         36.45
4.30         36.63
4.32         36.81
4.34         36.99
4.36         37.17
4.38         37.34
4.40         37.52
4.42         37.69
4.44         37.87
4.46         38.05
4.48         38.22
4.50         38.39
4.52         38.57
4.54         38.74
4.56         38.92
4.58         39.09
4.60         39.26
4.62         39.43
4.64         39.61
4.66         39.78
4.68         39.95
4.70         40.12
4.72         40.29
4.74         40.46
4.76         40.63
4.78         40.80
4.80         40.97
4.82         41.14
4.84         41.31
4.86         41.47
4.88         41.64
4.90         41.81
4.92         41.98
4.94         42.14
4.96         42.31
4.98         42.48
5.00         42.64
5.02         42.81
5.04         42.97
5.06         43.14
5.08         43.30
5.10         43.46
5.12         43.63
5.14         43.79
5.16         43.95
5.18         44.12
5.20         44.28
5.22         44.44
5.24         44.60
5.26         44.76
5.28         44.92
5.30         45.08
5.32         45.23
5.34         45.36
5.36         45.46
5.38         45.56
5.40         45.64
5.42         45.71
5.44         45.76
5.46         45.79
5.48         45.81
5.50         45.81
5.52         45.80
5.54         45.77
5.56         45.72
5.58         45.66
5.60         45.59
5.62         45.51
5.64         45.41
5.66         45.32
5.68         45.22
5.70         45.13
5.72         45.03
5.74         44.94
5.76         44.87
5.78         44.81
5.80         44.77
5.82         44.74
5.84         44.72
5.86         44.73
5.88         44.76
5.90         44.79
5.92         44.84
5.94         44.90
5.96         44.95
5.98         44.97
6.00         44.98
6.02         44.98
6.04         44.96
6.06         44.93
6.08         44.88
6.10         44.81
6.12         44.73
6.14         44.64
6.16         44.55
6.18         44.45
6.20         44.36
6.22         44.27
6.24         44.17
6.26         44.08
6.28         43.99
6.30         43.90
6.32         43.81
6.34         43.71
6.36         43.62
6.38         43.53
6.40         43.44
6.42         43.35
6.44         43.26
6.46         43.17
6.48         43.08
6.50         42.99
6.52         42.90
6.54         42.81
6.56         42.72
6.58         42.63
6.60         42.54
6.62         42.45
6.64         42.36
6.66         42.27
6.68         42.18
6.70         42.09
6.72         42.01
6.74         41.92
6.76         41.83
6.78         41.74
6.80         41.66
6.82         41.57
6.84         41.49
6.86         41.43
6.88         41.39
6.90         41.35
6.92         41.33
6.94         41.33
6.96         41.35
6.98         41.35
7.00         41.34
7.02         41.32
7.04         41.27
7.06         41.21
7.08         41.14
7.10         41.05
7.12         40.97
7.14         40.88
7.16         40.80
7.18         40.71
7.20         40.63
7.22         40.54
7.24         40.46
7.26         40.37
7.28         40.29
7.30         40.20
7.32         40.12
7.34         40.03
7.36         39.95
7.38         39.87
7.40         39.78
7.42         39.70
7.44         39.62
7.46         39.53
7.48         39.45
7.50         39.37
7.52         39.28
7.54         39.20
7.56         39.12
7.58         39.04
7.60         38.96
7.62         38.88
7.64         38.79
7.66         38.71
7.68         38.63
7.70         38.55
7.72         38.47
7.74         38.39
7.76         38.31
7.78         38.23
7.80         38.15
7.82         38.07
7.84         37.99
7.86         37.91
7.88         37.83
7.90         37.75
7.92         37.67
7.94         37.59
7.96         37.51
7.98         37.44
8.00         37.36
8.02         37.28
8.04         37.20
8.06         37.12
8.08         37.05
8.10         36.97
8.12         36.89
8.14         36.81
8.16         36.74
8.18         36.66
8.20         36.58
8.22         36.51
8.24         36.43
8.26         36.35
8.28         36.28
8.30         36.20
8.32         36.12
8.34         36.05
8.36         35.97
8.38         35.90
8.40         35.82
8.42         35.75
8.44         35.67
8.46         35.60
8.48         35.52
8.50         35.45
8.52         35.38
8.54         35.30
8.56         35.23
8.58         35.15
8.60         35.08
8.62         35.01
8.64         34.95
8.66         34.90
8.68         34.87
8.70         34.85
8.72         34.84
8.74         34.85
8.76         34.89
8.78         34.93
8.80         34.99
8.82         35.06
8.84         35.15
8.86         35.26
8.88         35.38
8.90         35.51
8.92         35.63
8.94         35.73
8.96         35.81
8.98         35.88
9.00         35.93
9.02         35.97
9.04         35.99
9.06         36.01
9.08         35.99
9.10         35.97
9.12         35.93
9.14         35.88
9.16         35.82
9.18         35.79
9.20         35.77
9.22         35.76
9.24         35.76
9.26         35.78
9.28         35.83
9.30         35.88
9.32         35.95
9.34         36.01
9.36         36.04
9.38         36.07
9.40         36.07
9.42         36.06
9.44         36.03
9.46         36.02
9.48         36.03
9.50         36.06
9.52         36.11
9.54         36.16
9.56         36.23
9.58         36.28
9.60         36.31
9.62         36.32
9.64         36.32
9.66         36.31
9.68         36.28
9.70         36.24
9.72         36.18
9.74         36.10
9.76         36.02
9.78         35.95
9.80         35.87
9.82         35.80
9.84         35.72
9.86         35.65
9.88         35.57
9.90         35.50
9.92         35.43
9.94         35.35
9.96         35.28
9.98         35.20
10.00         35.13
10.02         35.06
10.04         34.98
10.06         34.91
10.08         34.84
10.10         34.76
10.12         34.69
10.14         34.62
10.16         34.54
10.18         34.47
10.20         34.40
10.22         34.33
10.24         34.26
10.26         34.18
10.28         34.11
10.30         34.04
10.32         33.97
10.34         33.90
10.36         33.83
10.38         33.76
10.40         33.69
10.42         33.62
10.44         33.55
10.46         33.48
10.48         33.41
10.50         33.34
10.52         33.27
10.54         32.59
10.56         32.21
10.58         31.84
10.60         31.48
10.62         31.11
10.64         30.75
10.66         30.38
10.68         30.02
10.70         29.66
10.72         29.30
10.74         28.94
10.76         28.58
10.78         28.23
10.80         27.87
10.82         27.52
10.84         27.16
10.86         26.81
10.88         26.46
10.90         26.11
10.92         25.76
10.94         25.41
10.96         25.06
10.98         24.72
11.00         24.37
11.02         24.03
11.04         23.68
11.06         23.34
11.08         23.00
11.10         22.66
11.12         22.32
11.14         21.98
11.16         21.65
11.18         21.31
11.20         20.97
11.22         20.64
11.24         20.31
11.26         19.97
11.28         19.64
11.30         19.31
11.32         18.98
11.34         18.65
11.36         18.33
11.38         18.00
11.40         17.67
11.42         17.19
11.44         17.27
11.46         17.02
11.48         17.22
11.50         16.95
11.52         17.13
11.54         16.81
11.56         16.49
11.58         16.17
11.60         15.85
11.62         15.53
11.64         15.21
11.66         14.89
11.68         14.57
11.70         14.26
11.72         13.94
11.74         13.63
11.76         13.32
11.78         13.01
11.80         12.69
11.82         12.38
11.84         12.07
11.86         11.77
11.88         11.20
11.90         11.72
11.92         11.22
11.94         11.75
11.96         11.32
11.98         11.83
12.00         11.59
12.02         11.86
12.04         12.03
12.06         11.99
12.08         12.41
12.10         11.97
12.12         12.47
12.14         12.86
12.16         12.62
12.18         13.15
12.20         13.34
12.22         13.56
12.24         13.80
12.26         13.99
12.28         14.25
12.30         14.46
12.32         14.70
12.34         14.90
12.36         15.15
12.38         15.36
12.40         15.60
12.42         15.80
12.44         16.04
12.46         16.25
12.48         16.49
12.50         16.69
12.52         16.93
12.54         17.13
12.56         17.38
12.58         17.57
12.60         17.82
12.62         18.00
12.64         18.25
12.66         18.44
12.68         18.69
12.70         18.87
12.72         19.12
12.74         19.30
12.76         19.55
12.78         19.73
12.80         19.97
12.82         20.16
12.84         20.40
12.86         20.59
12.88         20.82
12.90         21.01
12.92         21.24
12.94         21.44
12.96         21.65
12.98         21.86
13.00         22.07
13.02         22.28
13.04         22.49
13.06         22.69
13.08         22.90
13.10         23.11
13.12         23.31
13.14         23.52
13.16         23.72
13.18         23.93
13.20         24.13
13.22         24.34
13.24         24.54
13.26         24.74
13.28         24.95
13.30         25.15
13.32         25.35
13.34         25.55
13.36         25.75
13.38         25.95
13.40         26.15
13.42         26.35
13.44         26.55
13.46         26.75
13.48         26.95
13.50         27.15
13.52         27.35
13.54         27.54
13.56         27.74
13.58         27.94
13.60         28.13
13.62         28.33
13.64         28.52
13.66         28.72
13.68         28.91
13.70         29.11
13.72         29.30
13.74         29.49
13.76         29.69
13.78         29.88
13.80         30.07
13.82         30.26
13.84         30.45
13.86         30.65
13.88         30.82
13.90         30.98
13.92         31.12
13.94         31.27
13.96         31.39
13.98         31.50
14.00         31.57
14.02         31.65
14.04         31.69
14.06         31.75
14.08         31.78
14.10         31.78
14.12         31.69
14.14         31.02
14.16         30.65
14.18         30.28
14.20         29.92
14.22         29.56
14.24         29.20
14.26         28.84
14.28         28.49
14.30         28.13
14.32         27.78
14.34         27.42
14.36         27.07
14.38         26.72
14.40         26.37
14.42         26.02
14.44         25.67
14.46         25.32
14.48         24.97
14.50         24.63
14.52         24.28
14.54         23.94
14.56         23.59
14.58         23.25
14.60         22.91
14.62         22.57
14.64         22.23
14.66         21.89
14.68         21.56
14.70         21.22
14.72         20.89
14.74         20.55
14.76         20.22
14.78         19.89
14.80         19.56
14.82         19.10
14.84         19.00
14.86         19.08
14.88         19.05
14.90         19.11
14.92         19.14
14.94         19.20
14.96         19.30
14.98         19.37
15.00         19.50
15.02         19.61
15.04         19.75
15.06         19.92
15.08         20.07
15.10         20.28
15.12         20.45
15.14         20.68
15.16         20.87
15.18         21.10
15.20         21.30
15.22         21.52
15.24         21.72
15.26         21.94
15.28         22.14
15.30         22.35
15.32         22.56
15.34         22.77
15.36         22.97
15.38         23.18
15.40         23.39
15.42         23.59
15.44         23.80
15.46         24.00
15.48         24.21
15.50         24.41
15.52         24.61
15.54         24.82
15.56         25.02
15.58         25.22
15.60         25.42
15.62         25.62
15.64         25.83
15.66         26.03
15.68         26.23
15.70         26.43
15.72         26.62
15.74         26.82
15.76         27.02
15.78         27.22
15.80         27.42
15.82         27.61
15.84         27.81
15.86         28.01
15.88         28.20
15.90         28.40
15.92         28.59
15.94         28.79
15.96         28.98
15.98         29.18
16.00         29.37
16.02         29.56
16.04         29.76
16.06         29.95
16.08         30.14
16.10         30.33
16.12         30.52
16.14         30.71
16.16         30.90
16.18         31.09
16.20         31.28
16.22         31.47
16.24         31.66
16.26         31.85
16.28         32.04
16.30         32.23
16.32         32.41
16.34         32.60
16.36         32.79
16.38         32.97
16.40         33.16
16.42         33.34
16.44         33.53
16.46         33.71
16.48         33.89
16.50         34.08
16.52         34.26
16.54         34.44
16.56         34.63
16.58         34.81
16.60         34.99
16.62         35.17
16.64         35.35
16.66         35.53
16.68         35.71
16.70         35.89
16.72         36.07
16.74         36.25
16.76         36.43
16.78         36.61
16.80         36.79
16.82         36.96
16.84         37.14
16.86         37.32
16.88         37.49
16.90         37.67
16.92         37.85
16.94         38.02
16.96         38.20
16.98         38.37
17.00         38.55
17.02         38.72
17.04         38.89
17.06         39.07
17.08         39.24
17.10         39.41
17.12         39.58
17.14         39.76
17.16         39.93
17.18         40.10
17.20         40.27
17.22         40.44
17.24         40.61
17.26         40.78
17.28         40.95
17.30         41.12
17.32         41.28
17.34         41.45
17.36         41.62
17.38         41.79
17.40         41.95
17.42         42.12
17.44         42.29
17.46         42.45
17.48         42.62
17.50         42.78
17.52         42.95
17.54         43.11
17.56         43.28
17.58         43.44
17.60         43.61
17.62         43.77
17.64         43.93
17.66         44.10
17.68         44.26
17.70         44.42
17.72         44.58
17.74         44.74
17.76         44.90
17.78         45.06
17.80         45.22
17.82         45.38
17.84         45.54
17.86         45.70
17.88         45.86
17.90         46.02
17.92         46.18
17.94         46.34
17.96         46.49
17.98         46.65
18.00         46.81
18.02         46.96
18.04         47.12
18.06         47.28
18.08         47.43
18.10         47.59
18.12         47.74
18.14         47.90
18.16         48.05
18.18         48.20
18.20         48.36
18.22         48.51
18.24         48.66
18.26         48.82
18.28         48.97
18.30         49.12
18.32         49.27
18.34         49.42
18.36         49.58
18.38         49.73
18.40         49.88
18.42         50.03
18.44         50.18
18.46         50.33
18.48         50.48
18.50         50.62
18.52         50.77
18.54         50.92
18.56         51.07
18.58         51.22
18.60         51.36
18.62         51.51
18.64         51.66
18.66         51.80
18.68         51.95
18.70         52.10
18.72         52.24
18.74         52.39
18.76         52.53
18.78         52.68
18.80         52.82
18.82         52.96
18.84         53.11
18.86         53.25
18.88         53.39
18.90         53.54
18.92         53.68
18.94         53.82
18.96         53.96
18.98         54.10
19.00         54.25
19.02         54.39
19.04         54.53
19.06         54.67
19.08         54.81
19.10         54.95
19.12         55.09
19.14         55.23
19.16         55.37
19.18         55.50
19.20         55.64
19.22         55.78
19.24         55.92
19.26         56.06
19.28         56.19
19.30         56.33
19.32         56.47
19.34         56.60
19.36         56.74
19.38         56.87
19.40         57.01
19.42         57.15
19.44         57.28
19.46         57.41
19.48         57.55
19.50         57.68
19.52         57.82
19.54         57.95
19.56         58.06
19.58         58.16
19.60         58.25
19.62         58.32
19.64         58.38
19.66         58.42
19.68         58.44
19.70         58.44
19.72         58.44
19.74         58.42
19.76         58.38
19.78         58.32
19.80         58.25
19.82         58.17
19.84         58.08
19.86         57.97
19.88         57.85
19.90         57.73
19.92         57.61
19.94         57.49
19.96         57.37
19.98         57.25
20.00         57.13
20.02         57.01
20.04         56.89
20.06         56.77
20.08         56.65
20.10         56.53
20.12         56.42
20.14         56.33
20.16         56.24
20.18         56.17
20.20         56.13
20.22         56.10
20.24         56.08
20.26         56.08
20.28         56.09
20.30         56.12
20.32         56.16
20.34         56.22
20.36         56.30
20.38         56.38
20.40         56.48
20.42         56.60
20.44         56.73
20.46         56.87
20.48         57.00
20.50         57.14
20.52         57.27
20.54         57.41
20.56         57.54
20.58         57.67
20.60         57.81
20.62         57.94
20.64         58.07
20.66         58.21
20.68         58.34
20.70         58.47
20.72         58.60
20.74         58.74
20.76         58.87
20.78         59.00
20.80         59.13
20.82         59.26
20.84         59.39
20.86         59.52
20.88         59.65
20.90         59.78
20.92         59.91
20.94         60.04
20.96         60.17
20.98         60.30
21.00         60.43
21.02         60.55
21.04         60.68
21.06         60.81
21.08         60.94
21.10         61.06
21.12         61.19
21.14         61.32
21.16         61.44
21.18         61.57
21.20         61.69
21.22         61.82
21.24         61.94
21.26         62.07
21.28         62.19
21.30         62.32
21.32         62.44
21.34         62.57
21.36         62.69
21.38         62.81
21.40         62.94
21.42         63.06
21.44         63.18
21.46         63.30
21.48         63.42
21.50         63.55
21.52         63.67
21.54         63.79
21.56         63.91
21.58         64.03
21.60         64.15
21.62         64.27
21.64         64.39
21.66         64.51
21.68         64.63
21.70         64.75
21.72         64.87
21.74         64.99
21.76         65.11
21.78         65.22
21.80         65.34
21.82         65.46
21.84         65.58
21.86         65.69
21.88         65.81
21.90         65.93
21.92         66.04
21.94         66.16
21.96         66.28
21.98         66.39
22.00         66.51
22.02         66.62
22.04         66.74
22.06         66.85
22.08         66.97
22.10         67.08
22.12         67.20
22.14         67.31
22.16         67.42
22.18         67.54
22.20         67.65
22.22         67.76
22.24         67.87
22.26         67.99
22.28         68.10
22.30         68.21
22.32         68.32
22.34         68.43
22.36         68.55
22.38         68.66
22.40         68.77
22.42         68.88
22.44         68.99
22.46         69.10
22.48         69.21
22.50         69.32
22.52         69.43
22.54         69.54
22.56         69.64
22.58         69.75
22.60         69.86
22.62         69.97
22.64         70.08
22.66         70.19
22.68         70.29
22.70         70.40
22.72         70.51
22.74         70.61
22.76         70.72
22.78         70.83
22.80         70.93
22.82         71.04
22.84         71.15
22.86         71.25
22.88         71.36
22.90         71.46
22.92         71.57
22.94         71.67
22.96         71.78
22.98         71.88
23.00         71.98
23.02         72.09
23.04         72.19
23.06         72.29
23.08         72.40
23.10         72.50
23.12         72.60
23.14         72.71
23.16         72.81
23.18         72.91
23.20         73.01
23.22         73.11
23.24         73.21
23.26         73.32
23.28         73.42
23.30         73.52
23.32         73.62
23.34         73.72
23.36         73.82
23.38         73.92
23.40         74.02
23.42         74.12
23.44         74.22
23.46         74.32
23.48         74.42
23.50         74.51
23.52         74.61
23.54         74.71
23.56         74.81
23.58         74.91
23.60         75.00
23.62         75.10
23.64         75.20
23.66         75.30
23.68         75.39
23.70         75.49
23.72         75.59
23.74         75.68
23.76         75.78
23.78         75.87
23.80         75.97
23.82         76.06
23.84         76.16
23.86         76.25
23.88         76.35
23.90         76.44
23.92         76.54
23.94         76.63
23.96         76.73
23.98         76.82
24.00         76.91
24.02         77.01
24.04         77.10
24.06         77.19
24.08         77.29
24.10         77.38
24.12         77.47
24.14         77.56
24.16         77.66
24.18         77.75
24.20         77.84
24.22         77.93
24.24         78.02
24.26         78.11
24.28         78.20
24.30         78.30
24.32         78.39
24.34         78.48
24.36         78.57
24.38         78.66
24.40         78.75
24.42         78.84
24.44         78.92
24.46         79.01
24.48         79.10
24.50         79.19
24.52         79.28
24.54         79.37
24.56         79.46
24.58         79.55
24.60         79.63
24.62         79.72
24.64         79.81
24.66         79.90
24.68         79.98
24.70         80.07
24.72         80.16
24.74         80.24
24.76         80.33
24.78         80.42
24.80         80.50
24.82         80.59
24.84         80.67
24.86         80.76
24.88         80.84
24.90         80.93
24.92         81.02
24.94         81.09
24.96         81.16
24.98         81.21
25.00         81.26
25.02         81.28
25.04         81.28
25.06         81.27
25.08         81.25
25.10         81.22
25.12         81.16
25.14         81.09
25.16         81.00
25.18         80.90
25.20         80.79
25.22         80.66
25.24         80.51
25.26         80.36
25.28         80.19
25.30         80.02
25.32         79.86
25.34         79.69
25.36         79.52
