Time        Speed       Wheel       Brake       Acceleration 
8.96        28.44        0.00        0.00        -100.00        
8.98        28.52        0.00        0.00        -100.00        
9.00        28.60        0.00        0.00        -100.00        
9.02        28.69        0.00        0.00        -100.00        
9.04        28.77        0.00        0.00        -100.00        
9.06        28.85        0.00        0.00        -100.00        
9.08        28.93        0.00        0.00        -100.00        
9.10        29.01        0.00        0.00        -100.00        
9.12        29.10        0.00        0.00        -100.00        
9.14        29.18        0.00        0.00        -100.00        
9.16        29.26        0.00        0.00        -100.00        
9.18        29.34        0.00        0.00        -100.00        
9.20        29.42        0.00        0.00        -100.00        
9.22        29.50        0.00        0.00        -100.00        
9.24        29.58        0.00        0.00        -100.00        
9.26        29.66        0.00        0.00        -100.00        
9.28        29.74        0.00        0.00        -100.00        
9.30        29.82        0.00        0.00        -100.00        
9.32        29.90        0.00        0.00        -100.00        
9.34        29.98        0.00        0.00        -100.00        
9.36        30.06        0.00        0.00        -100.00        
9.38        30.14        0.00        0.00        -100.00        
9.40        30.22        0.00        0.00        -100.00        
9.42        30.30        0.00        0.00        -100.00        
9.44        30.38        0.00        0.00        -100.00        
9.46        30.46        0.00        0.00        -100.00        
9.48        30.54        0.00        0.00        -100.00        
9.50        30.61        0.00        0.00        -100.00        
9.52        30.69        0.00        0.00        -100.00        
9.54        30.77        0.00        0.00        -100.00        
9.56        30.85        0.00        0.00        -100.00        
9.58        30.93        0.00        0.00        -100.00        
9.60        31.01        0.00        0.00        -100.00        
9.62        31.08        0.00        0.00        -100.00        
9.64        31.16        0.00        0.00        -100.00        
9.66        31.24        0.00        0.00        -100.00        
9.68        31.32        0.00        0.00        -100.00        
9.70        31.40        0.00        0.00        -100.00        
9.72        31.47        0.00        0.00        -100.00        
9.74        31.55        0.00        0.00        -100.00        
9.76        31.63        0.00        0.00        -100.00        
9.78        31.70        0.00        0.00        -100.00        
9.80        31.78        0.00        0.00        -100.00        
9.82        31.86        0.00        0.00        -100.00        
9.84        31.93        0.00        0.00        -100.00        
9.86        32.01        0.00        0.00        -100.00        
9.88        32.09        0.00        0.00        -100.00        
9.90        32.16        0.00        0.00        -100.00        
9.92        32.24        0.00        0.00        -100.00        
9.94        32.31        0.00        0.00        -100.00        
9.96        32.39        0.00        0.00        -100.00        
9.98        32.47        0.00        0.00        -100.00        
10.00        32.54        0.00        0.00        -100.00        
10.02        32.62        0.00        0.00        -100.00        
10.04        32.69        0.00        0.00        -100.00        
10.06        32.77        0.00        0.00        -100.00        
10.08        32.84        0.00        0.00        -100.00        
10.10        32.92        0.00        0.00        -100.00        
10.12        32.99        0.00        0.00        -100.00        
10.14        33.06        0.00        0.00        -100.00        
10.16        33.14        0.00        0.00        -100.00        
10.18        33.21        0.00        0.00        -100.00        
10.20        33.29        0.00        0.00        -100.00        
10.22        33.36        0.00        0.00        -100.00        
10.24        33.43        0.00        0.00        -100.00        
10.26        33.51        0.00        0.00        -100.00        
10.28        33.58        0.00        0.00        -100.00        
10.30        33.66        0.00        0.00        -100.00        
10.32        33.73        0.00        0.00        -100.00        
10.34        33.80        0.00        0.00        -100.00        
10.36        33.88        0.00        0.00        -100.00        
10.38        33.95        0.00        0.00        -100.00        
10.40        34.02        0.00        0.00        -100.00        
10.42        34.09        0.00        0.00        -100.00        
10.44        34.17        0.00        0.00        -100.00        
10.46        34.24        0.00        0.00        -100.00        
10.48        34.31        0.00        0.00        -100.00        
10.50        34.38        0.00        0.00        -100.00        
10.52        34.46        0.00        0.00        -100.00        
10.54        34.53        0.00        0.00        -100.00        
10.56        34.60        0.00        0.00        -100.00        
10.58        34.67        0.00        0.00        -100.00        
10.60        34.74        0.00        0.00        -100.00        
10.62        34.81        0.00        0.00        -100.00        
10.64        34.88        0.00        0.00        -100.00        
10.66        34.95        0.00        0.00        -100.00        
10.68        35.03        0.00        0.00        -100.00        
10.70        35.10        0.00        0.00        -100.00        
10.72        35.17        0.00        0.00        -100.00        
10.74        35.24        0.00        0.00        -100.00        
10.76        35.31        0.00        0.00        -100.00        
10.78        35.38        0.00        0.00        -100.00        
10.80        35.45        0.00        0.00        -100.00        
10.82        35.52        0.00        0.00        -100.00        
10.84        35.59        0.00        0.00        -100.00        
10.86        35.66        0.00        0.00        -100.00        
10.88        35.73        0.00        0.00        -100.00        
10.90        35.80        0.00        0.00        -100.00        
10.92        35.87        0.00        0.00        -100.00        
10.94        35.94        0.00        0.00        -100.00        
10.96        36.01        0.00        0.00        -100.00        
10.98        36.08        0.00        0.00        -100.00        
11.00        36.14        0.00        0.00        -100.00        
11.02        36.21        0.00        0.00        -100.00        
11.04        36.28        0.00        0.00        -100.00        
11.06        36.35        0.00        0.00        -100.00        
11.08        36.42        0.00        0.00        -100.00        
11.10        36.49        0.00        0.00        -100.00        
11.12        36.56        0.00        0.00        -100.00        
11.14        36.62        0.00        0.00        -100.00        
11.16        36.69        0.00        0.00        -100.00        
11.18        36.76        0.00        0.00        -100.00        
11.20        36.83        0.00        0.00        -100.00        
11.22        36.89        0.00        0.00        -100.00        
11.24        36.96        0.00        0.00        -100.00        
11.26        37.03        0.00        0.00        -100.00        
11.28        37.10        0.00        0.00        -100.00        
11.30        37.16        0.00        0.00        -100.00        
11.32        37.23        0.00        0.00        -100.00        
11.34        37.30        0.00        0.00        -100.00        
11.36        37.36        0.00        0.00        -100.00        
11.38        37.43        0.00        0.00        -100.00        
11.40        37.50        0.00        0.00        -100.00        
11.42        37.56        0.00        0.00        -100.00        
11.44        37.63        0.00        0.00        -100.00        
11.46        37.70        0.00        0.00        -100.00        
11.48        37.76        0.00        0.00        -100.00        
11.50        37.83        0.00        0.00        -100.00        
11.52        37.89        0.00        0.00        -100.00        
11.54        37.96        0.00        0.00        -100.00        
11.56        38.03        0.00        0.00        -100.00        
11.58        38.09        0.00        0.00        -100.00        
11.60        38.16        0.00        0.00        -100.00        
11.62        38.22        0.00        0.00        -100.00        
11.64        38.29        0.00        0.00        -100.00        
11.66        38.35        0.00        0.00        -100.00        
11.68        38.41        0.00        0.00        -100.00        
11.70        38.48        0.00        0.00        -100.00        
11.72        38.54        0.00        0.00        -100.00        
11.74        38.61        0.00        0.00        -100.00        
11.76        38.67        0.00        0.00        -100.00        
11.78        38.74        0.00        0.00        -100.00        
11.80        38.80        0.00        0.00        -100.00        
11.82        38.86        0.00        0.00        -100.00        
11.84        38.93        0.00        0.00        -100.00        
11.86        38.99        0.00        0.00        -100.00        
11.88        39.05        0.00        0.00        -100.00        
11.90        39.12        0.00        0.00        -100.00        
11.92        39.18        0.00        0.00        -100.00        
11.94        39.24        0.00        0.00        -100.00        
11.96        39.31        0.00        0.00        -100.00        
11.98        39.37        0.00        0.00        -100.00        
12.00        39.43        0.00        0.00        -100.00        
12.02        39.50        0.00        0.00        -100.00        
12.04        39.56        0.00        0.00        -100.00        
12.06        39.62        0.00        0.00        -100.00        
12.08        39.68        0.00        0.00        -100.00        
12.10        39.75        0.00        0.00        -100.00        
12.12        39.81        0.00        0.00        -100.00        
12.14        39.87        0.00        0.00        -100.00        
12.16        39.93        0.00        0.00        -100.00        
12.18        39.99        0.00        0.00        -100.00        
12.20        40.06        0.00        0.00        -100.00        
12.22        40.12        0.00        0.00        -100.00        
12.24        40.18        0.00        0.00        -100.00        
12.26        40.24        0.00        0.00        -100.00        
12.28        40.30        0.00        0.00        -100.00        
12.30        40.36        0.00        0.00        -100.00        
12.32        40.42        0.00        0.00        -100.00        
12.34        40.49        0.00        0.00        -100.00        
12.36        40.55        0.00        0.00        -100.00        
12.38        40.61        0.00        0.00        -100.00        
12.40        40.67        0.00        0.00        -100.00        
12.42        40.73        0.00        0.00        -100.00        
12.44        40.79        0.00        0.00        -100.00        
12.46        40.85        0.00        0.00        -100.00        
12.48        40.91        0.00        0.00        -100.00        
12.50        40.97        0.00        0.00        -100.00        
12.52        41.03        0.00        0.00        -100.00        
12.54        41.09        0.00        0.00        -100.00        
12.56        41.15        0.00        0.00        -100.00        
12.58        41.21        0.00        0.00        -100.00        
12.60        41.27        0.00        0.00        -100.00        
12.62        41.33        0.00        0.00        -100.00        
12.64        41.39        0.00        0.00        -100.00        
12.66        41.45        0.00        0.00        -100.00        
12.68        41.51        0.00        0.00        -100.00        
12.70        41.56        0.00        0.00        -100.00        
12.72        41.62        0.00        0.00        -100.00        
12.74        41.68        0.00        0.00        -100.00        
12.76        41.74        0.00        0.00        -100.00        
12.78        41.80        0.00        0.00        -100.00        
12.80        41.86        0.00        0.00        -100.00        
12.82        41.92        0.00        0.00        -100.00        
12.84        41.98        0.00        0.00        -100.00        
12.86        42.03        0.00        0.00        -100.00        
12.88        42.09        0.00        0.00        -100.00        
12.90        42.15        0.00        0.00        -100.00        
12.92        42.21        0.00        0.00        -100.00        
12.94        42.27        0.00        0.00        -100.00        
12.96        42.32        0.00        0.00        -100.00        
12.98        42.38        0.00        0.00        -100.00        
13.00        42.44        0.00        0.00        -100.00        
13.02        42.49        0.00        0.00        -100.00        
13.04        42.55        0.00        0.00        -100.00        
13.06        42.61        0.00        0.00        -100.00        
13.08        42.67        0.00        0.00        -100.00        
13.10        42.72        0.00        0.00        -100.00        
13.12        42.78        0.00        0.00        -100.00        
13.14        42.84        0.00        0.00        -100.00        
13.16        42.89        0.00        0.00        -100.00        
13.18        42.95        0.00        0.00        -100.00        
13.20        43.00        0.00        0.00        -100.00        
13.22        43.06        0.00        0.00        -100.00        
13.24        43.12        0.00        0.00        -100.00        
13.26        43.17        0.00        0.00        -100.00        
13.28        43.23        0.00        0.00        -100.00        
13.30        43.28        0.00        0.00        -100.00        
13.32        43.34        0.00        0.00        -100.00        
13.34        43.40        0.00        0.00        -100.00        
13.36        43.45        0.00        0.00        -100.00        
13.38        43.51        0.00        0.00        -100.00        
13.40        43.56        0.00        0.00        -100.00        
13.42        43.62        0.00        0.00        -100.00        
13.44        43.67        0.00        0.00        -100.00        
13.46        43.73        0.00        0.00        -100.00        
13.48        43.78        0.00        0.00        -100.00        
13.50        43.84        0.00        0.00        -100.00        
13.52        43.89        0.00        0.00        -100.00        
13.54        43.95        0.00        0.00        -100.00        
13.56        44.00        0.00        0.00        -100.00        
13.58        44.06        0.00        0.00        -100.00        
13.60        44.11        0.00        0.00        -100.00        
13.62        44.17        0.00        0.00        -100.00        
13.64        44.22        0.00        0.00        -100.00        
13.66        44.27        0.00        0.00        -100.00        
13.68        44.33        0.00        0.00        -100.00        
13.70        44.38        0.00        0.00        -100.00        
13.72        44.43        0.00        0.00        -100.00        
13.74        44.49        0.00        0.00        -100.00        
13.76        44.54        0.00        0.00        -100.00        
13.78        44.59        0.00        0.00        -100.00        
13.80        44.65        0.00        0.00        -100.00        
13.82        44.70        0.00        0.00        -100.00        
13.84        44.75        0.00        0.00        -100.00        
13.86        44.81        0.00        0.00        -100.00        
13.88        44.86        0.00        0.00        -100.00        
13.90        44.91        0.00        0.00        -100.00        
13.92        44.97        0.00        0.00        -100.00        
13.94        45.02        0.00        0.00        -100.00        
13.96        45.07        0.00        0.00        -100.00        
13.98        45.12        0.00        0.00        -100.00        
14.00        45.18        0.00        0.00        -100.00        
14.02        45.23        0.00        0.00        -100.00        
14.04        45.28        0.00        0.00        -100.00        
14.06        45.33        0.00        0.00        -100.00        
14.08        45.39        0.00        0.00        -100.00        
14.10        45.44        0.00        0.00        -100.00        
14.12        45.49        0.00        0.00        -100.00        
14.14        45.54        0.00        0.00        -100.00        
14.16        45.59        0.00        0.00        -100.00        
14.18        45.65        0.00        0.00        -100.00        
14.20        45.70        0.00        0.00        -100.00        
14.22        45.75        0.00        0.00        -100.00        
14.24        45.80        0.00        0.00        -100.00        
14.26        45.85        0.00        0.00        -100.00        
14.28        45.90        0.00        0.00        -100.00        
14.30        45.95        0.00        0.00        -100.00        
14.32        46.00        0.00        0.00        -100.00        
14.34        46.06        0.00        0.00        -100.00        
14.36        46.11        0.00        0.00        -100.00        
14.38        46.16        0.00        0.00        -100.00        
14.40        46.21        0.00        0.00        -100.00        
14.42        46.26        0.00        0.00        -100.00        
14.44        46.31        0.00        0.00        -100.00        
14.46        46.36        0.00        0.00        -100.00        
14.48        46.41        0.00        0.00        -100.00        
14.50        46.46        0.00        0.00        -100.00        
14.52        46.51        0.00        0.00        -100.00        
14.54        46.56        0.00        0.00        -100.00        
14.56        46.61        0.00        0.00        -100.00        
14.58        46.66        0.00        0.00        -100.00        
14.60        46.71        0.00        0.00        -100.00        
14.62        46.76        0.00        0.00        -100.00        
14.64        46.81        0.00        0.00        -100.00        
14.66        46.86        0.00        0.00        -100.00        
14.68        46.91        0.00        0.00        -100.00        
14.70        46.96        0.00        0.00        -100.00        
14.72        47.01        0.00        0.00        -100.00        
14.74        47.05        0.00        0.00        -100.00        
14.76        47.10        0.00        0.00        -100.00        
14.78        47.15        0.00        0.00        -100.00        
14.80        47.20        0.00        0.00        -100.00        
14.82        47.25        0.00        0.00        -100.00        
14.84        47.30        0.00        0.00        -100.00        
14.86        47.35        0.00        0.00        -100.00        
14.88        47.40        0.00        0.00        -100.00        
14.90        47.44        0.00        0.00        -100.00        
14.92        47.49        0.00        0.00        -100.00        
14.94        47.54        0.00        0.00        -100.00        
14.96        47.59        0.00        0.00        -100.00        
14.98        47.64        0.00        0.00        -100.00        
15.00        47.69        0.00        0.00        -100.00        
15.02        47.73        0.00        0.00        -100.00        
15.04        47.78        0.00        0.00        -100.00        
15.06        47.83        0.00        0.00        -100.00        
15.08        47.88        0.00        0.00        -100.00        
15.10        47.92        0.00        0.00        -100.00        
15.12        47.97        0.00        0.00        -100.00        
15.14        48.02        0.00        0.00        -100.00        
15.16        48.07        0.00        0.00        -100.00        
15.18        48.11        0.00        0.00        -100.00        
15.20        48.16        0.00        0.00        -100.00        
15.22        48.21        0.00        0.00        -100.00        
15.24        48.25        0.00        0.00        -100.00        
15.26        48.30        0.00        0.00        -100.00        
15.28        48.35        0.00        0.00        -100.00        
15.30        48.39        0.00        0.00        -100.00        
15.32        48.44        0.00        0.00        -100.00        
15.34        48.49        0.00        0.00        -100.00        
15.36        48.53        0.00        0.00        -100.00        
15.38        48.58        0.00        0.00        -100.00        
15.40        48.63        0.00        0.00        -100.00        
15.42        48.67        0.00        0.00        -100.00        
15.44        48.72        0.00        0.00        -100.00        
15.46        48.76        0.00        0.00        -100.00        
15.48        48.81        0.00        0.00        -100.00        
15.50        48.86        0.00        0.00        -100.00        
15.52        48.90        0.00        0.00        -100.00        
15.54        48.95        0.00        0.00        -100.00        
15.56        48.99        0.00        0.00        -100.00        
15.58        49.04        0.00        0.00        -100.00        
15.60        49.08        0.00        0.00        -100.00        
15.62        49.13        0.00        0.00        -100.00        
15.64        49.17        0.00        0.00        -100.00        
15.66        49.22        0.00        0.00        -100.00        
15.68        49.26        0.00        0.00        -100.00        
15.70        49.31        0.00        0.00        -100.00        
15.72        49.35        0.00        0.00        -100.00        
15.74        49.40        0.00        0.00        -100.00        
15.76        49.44        0.00        0.00        -100.00        
15.78        49.49        0.00        0.00        -100.00        
15.80        49.53        0.00        0.00        -100.00        
15.82        49.58        0.00        0.00        -100.00        
15.84        49.62        0.00        0.00        -100.00        
15.86        49.67        0.00        0.00        -100.00        
15.88        49.71        0.00        0.00        -100.00        
15.90        49.75        0.00        0.00        -100.00        
15.92        49.80        0.00        0.00        -100.00        
15.94        49.84        0.00        0.00        -100.00        
15.96        49.89        0.00        0.00        -100.00        
15.98        49.93        0.00        0.00        -100.00        
16.00        49.97        0.00        0.00        -100.00        
16.02        50.02        0.00        0.00        -100.00        
16.04        50.06        0.00        0.00        -100.00        
16.06        50.11        0.00        0.00        -100.00        
16.08        50.15        0.00        0.00        -100.00        
16.10        50.19        0.00        0.00        -100.00        
16.12        50.24        0.00        0.00        -100.00        
16.14        50.28        0.00        0.00        -100.00        
16.16        50.32        0.00        0.00        -100.00        
16.18        50.36        0.00        0.00        -100.00        
16.20        50.41        0.00        0.00        -100.00        
16.22        50.45        0.00        0.00        -100.00        
16.24        50.49        0.00        0.00        -100.00        
16.26        50.54        0.00        0.00        -100.00        
16.28        50.58        0.00        0.00        -100.00        
16.30        50.62        0.00        0.00        -100.00        
16.32        50.66        0.00        0.00        -100.00        
16.34        50.71        0.00        0.00        -100.00        
16.36        50.75        0.00        0.00        -100.00        
16.38        50.79        0.00        0.00        -100.00        
16.40        50.83        0.00        0.00        -100.00        
16.42        50.88        0.00        0.00        -100.00        
16.44        50.92        0.00        0.00        -100.00        
16.46        50.96        0.00        0.00        -100.00        
16.48        51.00        0.00        0.00        -100.00        
16.50        51.04        0.00        0.00        -100.00        
16.52        51.09        0.00        0.00        -100.00        
16.54        51.13        0.00        0.00        -100.00        
16.56        51.17        0.00        0.00        -100.00        
16.58        51.21        0.00        0.00        -100.00        
16.60        51.25        0.00        0.00        -100.00        
16.62        51.29        0.00        0.00        -100.00        
16.64        51.33        0.00        0.00        -100.00        
16.66        51.38        0.00        0.00        -100.00        
16.68        51.42        0.00        0.00        -100.00        
16.70        51.46        0.00        0.00        -100.00        
16.72        51.50        0.00        0.00        -100.00        
16.74        51.54        0.00        0.00        -100.00        
16.76        51.58        0.00        0.00        -100.00        
16.78        51.62        0.00        0.00        -100.00        
16.80        51.66        0.00        0.00        -100.00        
16.82        51.70        0.00        0.00        -100.00        
16.84        51.74        0.00        0.00        -100.00        
16.86        51.78        0.00        0.00        -100.00        
16.88        51.82        0.00        0.00        -100.00        
16.90        51.86        0.00        0.00        -100.00        
16.92        51.90        0.00        0.00        -100.00        
16.94        51.94        0.00        0.00        -100.00        
16.96        51.98        0.00        0.00        -100.00        
16.98        52.02        0.00        0.00        -100.00        
17.00        52.06        0.00        0.00        -100.00        
17.02        52.10        0.00        0.00        -100.00        
17.04        52.14        0.00        0.00        -100.00        
17.06        52.18        0.00        0.00        -100.00        
17.08        52.22        0.00        0.00        -100.00        
17.10        52.26        0.00        0.00        -100.00        
17.12        52.30        0.00        0.00        -100.00        
17.14        52.34        0.00        0.00        -100.00        
