Time        Speed       Wheel       Brake       Acceleration 
57.06        28.53        0.00        0.00        0.00        
57.08        28.61        0.00        0.00        0.00        
57.10        28.70        0.00        0.00        0.00        
57.12        28.78        0.00        0.00        0.00        
57.14        28.86        0.00        0.00        0.00        
57.16        28.94        0.00        0.00        0.00        
57.18        29.03        0.00        0.00        0.00        
57.20        29.11        0.00        0.00        0.00        
57.22        29.19        0.00        0.00        0.00        
57.24        29.27        0.00        0.00        0.00        
57.26        29.35        0.00        0.00        0.00        
57.28        29.43        0.00        0.00        0.00        
57.30        29.51        0.00        0.00        0.00        
57.32        29.59        0.00        0.00        0.00        
57.34        29.68        0.00        0.00        0.00        
57.36        29.76        0.00        0.00        0.00        
57.38        29.84        0.00        0.00        0.00        
57.40        29.92        0.00        0.00        0.00        
57.42        30.00        0.00        0.00        0.00        
57.44        30.08        0.00        0.00        0.00        
57.46        30.16        0.00        0.00        0.00        
57.48        30.24        0.00        0.00        0.00        
57.50        30.32        0.00        0.00        0.00        
57.52        30.40        0.00        0.00        0.00        
57.54        30.48        0.00        0.00        0.00        
57.56        30.55        0.00        0.00        0.00        
57.58        30.63        0.00        0.00        0.00        
57.60        30.71        0.00        0.00        0.00        
57.62        30.79        0.00        0.00        0.00        
57.64        30.87        0.00        0.00        0.00        
57.66        30.95        0.00        0.00        0.00        
57.68        31.03        0.00        0.00        0.00        
57.70        31.10        0.00        0.00        0.00        
57.72        31.18        0.00        0.00        0.00        
57.74        31.26        0.00        0.00        0.00        
57.76        31.34        0.00        0.00        0.00        
57.78        31.42        0.00        0.00        0.00        
57.80        31.49        0.00        0.00        0.00        
57.82        31.57        0.00        0.00        0.00        
57.84        31.65        0.00        0.00        0.00        
57.86        31.72        0.00        0.00        0.00        
57.88        31.80        0.00        0.00        0.00        
57.90        31.88        0.00        0.00        0.00        
57.92        31.95        0.00        0.00        0.00        
57.94        32.03        0.00        0.00        0.00        
57.96        32.11        0.00        0.00        0.00        
57.98        32.18        0.00        0.00        0.00        
58.00        32.26        0.00        0.00        0.00        
58.02        32.34        0.00        0.00        0.00        
58.04        32.41        0.00        0.00        0.00        
58.06        32.49        0.00        0.00        0.00        
58.08        32.56        0.00        0.00        0.00        
58.10        32.64        0.00        0.00        0.00        
58.12        32.71        0.00        0.00        0.00        
58.14        32.79        0.00        0.00        0.00        
58.16        32.86        0.00        0.00        0.00        
58.18        32.94        0.00        0.00        0.00        
58.20        33.01        0.00        0.00        0.00        
58.22        33.09        0.00        0.00        0.00        
58.24        33.16        0.00        0.00        0.00        
58.26        33.24        0.00        0.00        0.00        
58.28        33.31        0.00        0.00        0.00        
58.30        33.38        0.00        0.00        0.00        
58.32        33.46        0.00        0.00        0.00        
58.34        33.53        0.00        0.00        0.00        
58.36        33.61        0.00        0.00        0.00        
58.38        33.68        0.00        0.00        0.00        
58.40        33.75        0.00        0.00        0.00        
58.42        33.83        0.00        0.00        0.00        
58.44        33.90        0.00        0.00        0.00        
58.46        33.97        0.00        0.00        0.00        
58.48        34.04        0.00        0.00        0.00        
58.50        34.12        0.00        0.00        0.00        
58.52        34.19        0.00        0.00        0.00        
58.54        34.26        0.00        0.00        0.00        
58.56        34.33        0.00        0.00        0.00        
58.58        34.41        0.00        0.00        0.00        
58.60        34.48        0.00        0.00        0.00        
58.62        34.55        0.00        0.00        0.00        
58.64        34.62        0.00        0.00        0.00        
58.66        34.69        0.00        0.00        0.00        
58.68        34.76        0.00        0.00        0.00        
58.70        34.83        0.00        0.00        0.00        
58.72        34.91        0.00        0.00        0.00        
58.74        34.98        0.00        0.00        0.00        
58.76        35.05        0.00        0.00        0.00        
58.78        35.12        0.00        0.00        0.00        
58.80        35.19        0.00        0.00        0.00        
58.82        35.26        0.00        0.00        0.00        
58.84        35.33        0.00        0.00        0.00        
58.86        35.40        0.00        0.00        0.00        
58.88        35.47        0.00        0.00        0.00        
58.90        35.54        0.00        0.00        0.00        
58.92        35.61        0.00        0.00        0.00        
58.94        35.68        0.00        0.00        0.00        
58.96        35.75        0.00        0.00        0.00        
58.98        35.82        0.00        0.00        0.00        
59.00        35.89        0.00        0.00        0.00        
59.02        35.96        0.00        0.00        0.00        
59.04        36.03        0.00        0.00        0.00        
59.06        36.10        0.00        0.00        0.00        
59.08        36.17        0.00        0.00        0.00        
59.10        36.23        0.00        0.00        0.00        
59.12        36.30        0.00        0.00        0.00        
59.14        36.37        0.00        0.00        0.00        
59.16        36.44        0.00        0.00        0.00        
59.18        36.51        0.00        0.00        0.00        
59.20        36.58        0.00        0.00        0.00        
59.22        36.64        0.00        0.00        0.00        
59.24        36.71        0.00        0.00        0.00        
59.26        36.78        0.00        0.00        0.00        
59.28        36.85        0.00        0.00        0.00        
59.30        36.92        0.00        0.00        0.00        
59.32        36.98        0.00        0.00        0.00        
59.34        37.05        0.00        0.00        0.00        
59.36        37.12        0.00        0.00        0.00        
59.38        37.18        0.00        0.00        0.00        
59.40        37.25        0.00        0.00        0.00        
59.42        37.32        0.00        0.00        0.00        
59.44        37.39        0.00        0.00        0.00        
59.46        37.45        0.00        0.00        0.00        
59.48        37.52        0.00        0.00        0.00        
59.50        37.58        0.00        0.00        0.00        
59.52        37.65        0.00        0.00        0.00        
59.54        37.72        0.00        0.00        0.00        
59.56        37.78        0.00        0.00        0.00        
59.58        37.85        0.00        0.00        0.00        
59.60        37.91        0.00        0.00        0.00        
59.62        37.98        0.00        0.00        0.00        
59.64        38.05        0.00        0.00        0.00        
59.66        38.11        0.00        0.00        0.00        
59.68        38.18        0.00        0.00        0.00        
59.70        38.24        0.00        0.00        0.00        
59.72        38.31        0.00        0.00        0.00        
59.74        38.37        0.00        0.00        0.00        
59.76        38.44        0.00        0.00        0.00        
59.78        38.50        0.00        0.00        0.00        
59.80        38.57        0.00        0.00        0.00        
59.82        38.63        0.00        0.00        0.00        
59.84        38.69        0.00        0.00        0.00        
59.86        38.76        0.00        0.00        0.00        
59.88        38.82        0.00        0.00        0.00        
59.90        38.89        0.00        0.00        0.00        
59.92        38.95        0.00        0.00        0.00        
59.94        39.01        0.00        0.00        0.00        
59.96        39.08        0.00        0.00        0.00        
59.98        39.14        0.00        0.00        0.00        
60.00        39.20        0.00        0.00        0.00        
60.02        39.27        0.00        0.00        0.00        
60.04        39.33        0.00        0.00        0.00        
60.06        39.39        0.00        0.00        0.00        
60.08        39.46        0.00        0.00        0.00        
60.10        39.52        0.00        0.00        0.00        
60.12        39.58        0.00        0.00        0.00        
60.14        39.65        0.00        0.00        0.00        
60.16        39.71        0.00        0.00        0.00        
60.18        39.77        0.00        0.00        0.00        
60.20        39.83        0.00        0.00        0.00        
60.22        39.89        0.00        0.00        0.00        
60.24        39.96        0.00        0.00        0.00        
60.26        40.02        0.00        0.00        0.00        
60.28        40.08        0.00        0.00        0.00        
60.30        40.14        0.00        0.00        0.00        
60.32        40.20        0.00        0.00        0.00        
60.34        40.27        0.00        0.00        0.00        
60.36        40.33        0.00        0.00        0.00        
60.38        40.39        0.00        0.00        0.00        
60.40        40.45        0.00        0.00        0.00        
60.42        40.51        0.00        0.00        0.00        
60.44        40.57        0.00        0.00        0.00        
60.46        40.63        0.00        0.00        0.00        
60.48        40.69        0.00        0.00        0.00        
60.50        40.75        0.00        0.00        0.00        
60.52        40.81        0.00        0.00        0.00        
60.54        40.87        0.00        0.00        0.00        
60.56        40.93        0.00        0.00        0.00        
60.58        40.99        0.00        0.00        0.00        
60.60        41.05        0.00        0.00        0.00        
60.62        41.11        0.00        0.00        0.00        
60.64        41.17        0.00        0.00        0.00        
60.66        41.23        0.00        0.00        0.00        
60.68        41.29        0.00        0.00        0.00        
60.70        41.35        0.00        0.00        0.00        
60.72        41.41        0.00        0.00        0.00        
60.74        41.47        0.00        0.00        0.00        
60.76        41.53        0.00        0.00        0.00        
60.78        41.59        0.00        0.00        0.00        
60.80        41.65        0.00        0.00        0.00        
60.82        41.71        0.00        0.00        0.00        
60.84        41.77        0.00        0.00        0.00        
60.86        41.82        0.00        0.00        0.00        
60.88        41.88        0.00        0.00        0.00        
60.90        41.94        0.00        0.00        0.00        
60.92        42.00        0.00        0.00        0.00        
60.94        42.06        0.00        0.00        0.00        
60.96        42.12        0.00        0.00        0.00        
60.98        42.17        0.00        0.00        0.00        
61.00        42.23        0.00        0.00        0.00        
61.02        42.29        0.00        0.00        0.00        
61.04        42.35        0.00        0.00        0.00        
61.06        42.41        0.00        0.00        0.00        
61.08        42.46        0.00        0.00        0.00        
61.10        42.52        0.00        0.00        0.00        
61.12        42.58        0.00        0.00        0.00        
61.14        42.63        0.00        0.00        0.00        
61.16        42.69        0.00        0.00        0.00        
61.18        42.75        0.00        0.00        0.00        
61.20        42.81        0.00        0.00        0.00        
61.22        42.86        0.00        0.00        0.00        
61.24        42.92        0.00        0.00        0.00        
61.26        42.98        0.00        0.00        0.00        
61.28        43.03        0.00        0.00        0.00        
61.30        43.09        0.00        0.00        0.00        
61.32        43.14        0.00        0.00        0.00        
61.34        43.20        0.00        0.00        0.00        
61.36        43.26        0.00        0.00        0.00        
61.38        43.31        0.00        0.00        0.00        
61.40        43.37        0.00        0.00        0.00        
61.42        43.42        0.00        0.00        0.00        
61.44        43.48        0.00        0.00        0.00        
61.46        43.54        0.00        0.00        0.00        
61.48        43.59        0.00        0.00        0.00        
61.50        43.65        0.00        0.00        0.00        
61.52        43.70        0.00        0.00        0.00        
61.54        43.76        0.00        0.00        0.00        
61.56        43.81        0.00        0.00        0.00        
61.58        43.87        0.00        0.00        0.00        
61.60        43.92        0.00        0.00        0.00        
61.62        43.98        0.00        0.00        0.00        
61.64        44.03        0.00        0.00        0.00        
61.66        44.08        0.00        0.00        0.00        
61.68        44.14        0.00        0.00        0.00        
61.70        44.19        0.00        0.00        0.00        
61.72        44.25        0.00        0.00        0.00        
61.74        44.30        0.00        0.00        0.00        
61.76        44.36        0.00        0.00        0.00        
61.78        44.41        0.00        0.00        0.00        
61.80        44.46        0.00        0.00        0.00        
61.82        44.52        0.00        0.00        0.00        
61.84        44.57        0.00        0.00        0.00        
61.86        44.62        0.00        0.00        0.00        
61.88        44.68        0.00        0.00        0.00        
61.90        44.73        0.00        0.00        0.00        
61.92        44.78        0.00        0.00        0.00        
61.94        44.84        0.00        0.00        0.00        
61.96        44.89        0.00        0.00        0.00        
61.98        44.94        0.00        0.00        0.00        
62.00        45.00        0.00        0.00        0.00        
62.02        45.05        0.00        0.00        0.00        
62.04        45.10        0.00        0.00        0.00        
62.06        45.15        0.00        0.00        0.00        
62.08        45.21        0.00        0.00        0.00        
62.10        45.26        0.00        0.00        0.00        
62.12        45.31        0.00        0.00        0.00        
62.14        45.36        0.00        0.00        0.00        
62.16        45.41        0.00        0.00        0.00        
62.18        45.47        0.00        0.00        0.00        
62.20        45.52        0.00        0.00        0.00        
62.22        45.57        0.00        0.00        0.00        
62.24        45.62        0.00        0.00        0.00        
62.26        45.67        0.00        0.00        0.00        
62.28        45.73        0.00        0.00        0.00        
62.30        45.78        0.00        0.00        0.00        
62.32        45.83        0.00        0.00        0.00        
62.34        45.88        0.00        0.00        0.00        
62.36        45.93        0.00        0.00        0.00        
62.38        45.98        0.00        0.00        0.00        
62.40        46.03        0.00        0.00        0.00        
62.42        46.08        0.00        0.00        0.00        
62.44        46.13        0.00        0.00        0.00        
62.46        46.18        0.00        0.00        0.00        
62.48        46.23        0.00        0.00        0.00        
62.50        46.28        0.00        0.00        0.00        
62.52        46.34        0.00        0.00        0.00        
62.54        46.39        0.00        0.00        0.00        
62.56        46.44        0.00        0.00        0.00        
62.58        46.49        0.00        0.00        0.00        
62.60        46.54        0.00        0.00        0.00        
62.62        46.59        0.00        0.00        0.00        
62.64        46.64        0.00        0.00        0.00        
62.66        46.69        0.00        0.00        0.00        
62.68        46.74        0.00        0.00        0.00        
62.70        46.78        0.00        0.00        0.00        
62.72        46.83        0.00        0.00        0.00        
62.74        46.88        0.00        0.00        0.00        
62.76        46.93        0.00        0.00        0.00        
62.78        46.98        0.00        0.00        0.00        
62.80        47.03        0.00        0.00        0.00        
62.82        47.08        0.00        0.00        0.00        
62.84        47.13        0.00        0.00        0.00        
62.86        47.18        0.00        0.00        0.00        
62.88        47.23        0.00        0.00        0.00        
62.90        47.28        0.00        0.00        0.00        
62.92        47.32        0.00        0.00        0.00        
62.94        47.37        0.00        0.00        0.00        
62.96        47.42        0.00        0.00        0.00        
62.98        47.47        0.00        0.00        0.00        
63.00        47.52        0.00        0.00        0.00        
63.02        47.57        0.00        0.00        0.00        
63.04        47.61        0.00        0.00        0.00        
63.06        47.66        0.00        0.00        0.00        
63.08        47.71        0.00        0.00        0.00        
63.10        47.76        0.00        0.00        0.00        
63.12        47.81        0.00        0.00        0.00        
63.14        47.85        0.00        0.00        0.00        
63.16        47.90        0.00        0.00        0.00        
63.18        47.95        0.00        0.00        0.00        
63.20        48.00        0.00        0.00        0.00        
63.22        48.04        0.00        0.00        0.00        
63.24        48.09        0.00        0.00        0.00        
63.26        48.14        0.00        0.00        0.00        
63.28        48.18        0.00        0.00        0.00        
63.30        48.23        0.00        0.00        0.00        
63.32        48.28        0.00        0.00        0.00        
63.34        48.32        0.00        0.00        0.00        
63.36        48.37        0.00        0.00        0.00        
63.38        48.42        0.00        0.00        0.00        
63.40        48.46        0.00        0.00        0.00        
63.42        48.51        0.00        0.00        0.00        
63.44        48.56        0.00        0.00        0.00        
63.46        48.60        0.00        0.00        0.00        
63.48        48.65        0.00        0.00        0.00        
63.50        48.70        0.00        0.00        0.00        
63.52        48.74        0.00        0.00        0.00        
63.54        48.79        0.00        0.00        0.00        
63.56        48.83        0.00        0.00        0.00        
63.58        48.88        0.00        0.00        0.00        
63.60        48.93        0.00        0.00        0.00        
63.62        48.97        0.00        0.00        0.00        
63.64        49.02        0.00        0.00        0.00        
63.66        49.06        0.00        0.00        0.00        
63.68        49.11        0.00        0.00        0.00        
63.70        49.15        0.00        0.00        0.00        
63.72        49.20        0.00        0.00        0.00        
63.74        49.24        0.00        0.00        0.00        
63.76        49.29        0.00        0.00        0.00        
63.78        49.33        0.00        0.00        0.00        
63.80        49.38        0.00        0.00        0.00        
63.82        49.42        0.00        0.00        0.00        
63.84        49.47        0.00        0.00        0.00        
63.86        49.51        0.00        0.00        0.00        
63.88        49.56        0.00        0.00        0.00        
63.90        49.60        0.00        0.00        0.00        
63.92        49.65        0.00        0.00        0.00        
63.94        49.69        0.00        0.00        0.00        
63.96        49.73        0.00        0.00        0.00        
63.98        49.78        0.00        0.00        0.00        
64.00        49.82        0.00        0.00        0.00        
64.02        49.87        0.00        0.00        0.00        
64.04        49.91        0.00        0.00        0.00        
64.06        49.95        0.00        0.00        0.00        
64.08        50.00        0.00        0.00        0.00        
64.10        50.04        0.00        0.00        0.00        
64.12        50.09        0.00        0.00        0.00        
64.14        50.13        0.00        0.00        0.00        
64.16        50.17        0.00        0.00        0.00        
64.18        50.22        0.00        0.00        0.00        
64.20        50.26        0.00        0.00        0.00        
64.22        50.30        0.00        0.00        0.00        
64.24        50.35        0.00        0.00        0.00        
64.26        50.39        0.00        0.00        0.00        
64.28        50.43        0.00        0.00        0.00        
64.30        50.47        0.00        0.00        0.00        
64.32        50.52        0.00        0.00        0.00        
64.34        50.56        0.00        0.00        0.00        
64.36        50.60        0.00        0.00        0.00        
64.38        50.64        0.00        0.00        0.00        
64.40        50.69        0.00        0.00        0.00        
64.42        50.73        0.00        0.00        0.00        
64.44        50.77        0.00        0.00        0.00        
64.46        50.81        0.00        0.00        0.00        
64.48        50.86        0.00        0.00        0.00        
64.50        50.90        0.00        0.00        0.00        
64.52        50.94        0.00        0.00        0.00        
64.54        50.98        0.00        0.00        0.00        
64.56        51.02        0.00        0.00        0.00        
64.58        51.07        0.00        0.00        0.00        
64.60        51.11        0.00        0.00        0.00        
64.62        51.15        0.00        0.00        0.00        
64.64        51.19        0.00        0.00        0.00        
64.66        51.23        0.00        0.00        0.00        
64.68        51.27        0.00        0.00        0.00        
64.70        51.32        0.00        0.00        0.00        
64.72        51.36        0.00        0.00        0.00        
64.74        51.40        0.00        0.00        0.00        
64.76        51.44        0.00        0.00        0.00        
64.78        51.48        0.00        0.00        0.00        
64.80        51.52        0.00        0.00        0.00        
64.82        51.56        0.00        0.00        0.00        
64.84        51.60        0.00        0.00        0.00        
64.86        51.64        0.00        0.00        0.00        
64.88        51.68        0.00        0.00        0.00        
64.90        51.72        0.00        0.00        0.00        
64.92        51.77        0.00        0.00        0.00        
64.94        51.81        0.00        0.00        0.00        
64.96        51.85        0.00        0.00        0.00        
64.98        51.89        0.00        0.00        0.00        
65.00        51.93        0.00        0.00        0.00        
65.02        51.97        0.00        0.00        0.00        
65.04        52.01        0.00        0.00        0.00        
65.06        52.05        0.00        0.00        0.00        
65.08        52.09        0.00        0.00        0.00        
65.10        52.13        0.00        0.00        0.00        
65.12        52.17        0.00        0.00        0.00        
65.14        52.21        0.00        0.00        0.00        
65.16        52.25        0.00        0.00        0.00        
65.18        52.29        0.00        0.00        0.00        
65.20        52.33        0.00        0.00        0.00        
65.22        52.36        0.00        0.00        0.00        
