Time        Speed       Wheel       Brake       Acceleration 
5.88        27.91        0.00        0.00        -100.00        
5.90        27.86        0.00        0.00        -100.00        
5.92        27.81        0.00        0.00        -100.00        
5.94        27.77        0.00        0.00        -100.00        
5.96        27.72        0.00        0.00        -100.00        
5.98        27.67        0.00        0.00        -100.00        
6.00        27.63        0.00        0.00        -100.00        
6.02        27.58        0.00        0.00        -100.00        
6.04        27.53        0.00        0.00        -100.00        
6.06        27.49        0.00        0.00        -100.00        
6.08        27.44        0.00        0.00        -100.00        
6.10        27.40        0.00        0.00        -100.00        
6.12        27.35        0.00        0.00        -100.00        
6.14        27.31        0.00        0.00        -100.00        
6.16        27.26        0.00        0.00        -100.00        
6.18        27.21        0.00        0.00        -100.00        
6.20        27.17        0.00        0.00        -100.00        
6.22        27.12        0.00        0.00        -100.00        
6.24        27.08        0.00        0.00        -100.00        
6.26        27.03        0.00        0.00        -100.00        
6.28        26.99        0.00        0.00        -100.00        
6.30        26.94        0.00        0.00        -100.00        
6.32        26.90        0.00        0.00        -100.00        
6.34        26.85        0.00        0.00        -100.00        
6.36        26.81        0.00        0.00        -100.00        
6.38        26.76        0.00        0.00        -100.00        
6.40        26.72        0.00        0.00        -100.00        
6.42        26.68        0.00        0.00        -100.00        
6.44        26.63        0.00        0.00        -100.00        
6.46        26.59        0.00        0.00        -100.00        
6.48        26.54        0.00        0.00        -100.00        
6.50        26.50        0.00        0.00        -100.00        
6.52        26.46        0.00        0.00        -100.00        
6.54        26.41        0.00        0.00        -100.00        
6.56        26.37        0.00        0.00        -100.00        
6.58        26.32        0.00        0.00        -100.00        
6.60        26.28        0.00        0.00        -100.00        
6.62        26.24        0.00        0.00        -100.00        
6.64        26.19        0.00        0.00        -100.00        
6.66        26.15        0.00        0.00        -100.00        
6.68        26.11        0.00        0.00        -100.00        
6.70        26.06        0.00        0.00        -100.00        
6.72        26.02        0.00        0.00        -100.00        
6.74        25.98        0.00        0.00        -100.00        
6.76        25.93        0.00        0.00        -100.00        
6.78        25.89        0.00        0.00        -100.00        
6.80        25.85        0.00        0.00        -100.00        
6.82        25.81        0.00        0.00        -100.00        
6.84        25.76        0.00        0.00        -100.00        
6.86        25.72        0.00        0.00        -100.00        
6.88        25.68        0.00        0.00        -100.00        
6.90        25.64        0.00        0.00        -100.00        
6.92        25.59        0.00        0.00        -100.00        
6.94        25.55        0.00        0.00        -100.00        
6.96        25.51        0.00        0.00        -100.00        
6.98        25.47        0.00        0.00        -100.00        
7.00        25.43        0.00        0.00        -100.00        
7.02        25.38        0.00        0.00        -100.00        
7.04        25.34        0.00        0.00        -100.00        
7.06        25.30        0.00        0.00        -100.00        
7.08        25.26        0.00        0.00        -100.00        
7.10        25.22        0.00        0.00        -100.00        
7.12        25.18        0.00        0.00        -100.00        
7.14        25.13        0.00        0.00        -100.00        
7.16        25.09        0.00        0.00        -100.00        
7.18        25.05        0.00        0.00        -100.00        
7.20        25.01        0.00        0.00        -100.00        
7.22        24.97        0.00        0.00        -100.00        
7.24        24.93        0.00        0.00        -100.00        
7.26        24.89        0.00        0.00        -100.00        
7.28        24.85        0.00        0.00        -100.00        
7.30        24.81        0.00        0.00        -100.00        
7.32        24.77        0.00        0.00        -100.00        
7.34        24.73        0.00        0.00        -100.00        
7.36        24.69        0.00        0.00        -100.00        
7.38        24.64        0.00        0.00        -100.00        
7.40        24.60        0.00        0.00        -100.00        
7.42        24.56        0.00        0.00        -100.00        
7.44        24.52        0.00        0.00        -100.00        
7.46        24.48        0.00        0.00        -100.00        
7.48        24.44        0.00        0.00        -100.00        
7.50        24.40        0.00        0.00        -100.00        
7.52        24.36        0.00        0.00        -100.00        
7.54        24.32        0.00        0.00        -100.00        
7.56        24.29        0.00        0.00        -100.00        
7.58        24.25        0.00        0.00        -100.00        
7.60        24.21        0.00        0.00        -100.00        
7.62        24.17        0.00        0.00        -100.00        
7.64        24.13        0.00        0.00        -100.00        
7.66        24.09        0.00        0.00        -100.00        
7.68        24.05        0.00        0.00        -100.00        
7.70        24.01        0.00        0.00        -100.00        
7.72        23.97        0.00        0.00        -100.00        
7.74        23.93        0.00        0.00        -100.00        
7.76        23.89        0.00        0.00        -100.00        
7.78        23.85        0.00        0.00        -100.00        
7.80        23.82        0.00        0.00        -100.00        
7.82        23.78        0.00        0.00        -100.00        
7.84        23.74        0.00        0.00        -100.00        
7.86        23.70        0.00        0.00        -100.00        
7.88        23.66        0.00        0.00        -100.00        
7.90        23.62        0.00        0.00        -100.00        
7.92        23.58        0.00        0.00        -100.00        
7.94        23.55        0.00        0.00        -100.00        
7.96        23.51        0.00        0.00        -100.00        
7.98        23.47        0.00        0.00        -100.00        
8.00        23.43        0.00        0.00        -100.00        
8.02        23.39        0.00        0.00        -100.00        
8.04        23.36        0.00        0.00        -100.00        
8.06        23.32        0.00        0.00        -100.00        
8.08        23.28        0.00        0.00        -100.00        
8.10        23.24        0.00        0.00        -100.00        
8.12        23.21        0.00        0.00        -100.00        
8.14        23.17        0.00        0.00        -100.00        
8.16        23.13        0.00        0.00        -100.00        
8.18        23.09        0.00        0.00        -100.00        
8.20        23.06        0.00        0.00        -100.00        
8.22        23.02        0.00        0.00        -100.00        
8.24        22.98        0.00        0.00        -100.00        
8.26        22.95        0.00        0.00        -100.00        
8.28        22.91        0.00        0.00        -100.00        
8.30        22.87        0.00        0.00        -100.00        
8.32        22.83        0.00        0.00        -100.00        
8.34        22.80        0.00        0.00        -100.00        
8.36        22.76        0.00        0.00        -100.00        
8.38        22.72        0.00        0.00        -100.00        
8.40        22.69        0.00        0.00        -100.00        
8.42        22.65        0.00        0.00        -100.00        
8.44        22.62        0.00        0.00        -100.00        
8.46        22.58        0.00        0.00        -100.00        
8.48        22.54        0.00        0.00        -100.00        
8.50        22.51        0.00        0.00        -100.00        
8.52        22.47        0.00        0.00        -100.00        
8.54        22.43        0.00        0.00        -100.00        
8.56        22.36        0.00        0.00        -100.00        
8.58        22.18        0.00        0.00        -100.00        
8.60        22.20        0.00        0.00        -100.00        
8.62        22.31        0.00        0.00        -100.00        
8.64        22.42        0.00        0.00        -100.00        
8.66        22.53        0.00        0.00        -100.00        
8.68        22.63        0.00        0.00        -100.00        
8.70        22.73        0.00        0.00        -100.00        
8.72        22.84        0.00        0.00        -100.00        
8.74        22.94        0.00        0.00        -100.00        
8.76        23.04        0.00        0.00        -100.00        
8.78        23.14        0.00        0.00        -100.00        
8.80        23.25        0.00        0.00        -100.00        
8.82        23.35        0.00        0.00        -100.00        
8.84        23.30        0.00        0.00        -100.00        
8.86        23.26        0.00        0.00        -100.00        
8.88        23.22        0.00        0.00        -100.00        
8.90        23.19        0.00        0.00        -100.00        
8.92        23.15        0.00        0.00        -100.00        
8.94        23.12        0.00        0.00        -100.00        
8.96        23.08        0.00        0.00        -100.00        
8.98        23.05        0.00        0.00        -100.00        
9.00        23.01        0.00        0.00        -100.00        
9.02        22.98        0.00        0.00        -100.00        
9.04        22.94        0.00        0.00        -100.00        
9.06        22.91        0.00        0.00        -100.00        
9.08        22.87        0.00        0.00        -100.00        
9.10        22.83        0.00        0.00        -100.00        
9.12        22.79        0.00        0.00        -100.00        
9.14        22.76        0.00        0.00        -100.00        
9.16        22.72        0.00        0.00        -100.00        
9.18        22.68        0.00        0.00        -100.00        
9.20        22.65        0.00        0.00        -100.00        
9.22        22.61        0.00        0.00        -100.00        
9.24        22.57        0.00        0.00        -100.00        
9.26        22.54        0.00        0.00        -100.00        
9.28        22.50        0.00        0.00        -100.00        
9.30        22.46        0.00        0.00        -100.00        
9.32        22.43        0.00        0.00        -100.00        
9.34        22.39        0.00        0.00        -100.00        
9.36        22.36        0.00        0.00        -100.00        
9.38        22.32        0.00        0.00        -100.00        
9.40        22.29        0.00        0.00        -100.00        
9.42        22.25        0.00        0.00        -100.00        
9.44        22.21        0.00        0.00        -100.00        
9.46        22.18        0.00        0.00        -100.00        
9.48        22.14        0.00        0.00        -100.00        
9.50        22.11        0.00        0.00        -100.00        
9.52        22.07        0.00        0.00        -100.00        
9.54        22.04        0.00        0.00        -100.00        
9.56        22.00        0.00        0.00        -100.00        
9.58        21.97        0.00        0.00        -100.00        
9.60        21.93        0.00        0.00        -100.00        
9.62        21.90        0.00        0.00        -100.00        
9.64        21.86        0.00        0.00        -100.00        
9.66        21.83        0.00        0.00        -100.00        
9.68        21.79        0.00        0.00        -100.00        
9.70        21.76        0.00        0.00        -100.00        
9.72        21.72        0.00        0.00        -100.00        
9.74        21.69        0.00        0.00        -100.00        
9.76        21.65        0.00        0.00        -100.00        
9.78        21.62        0.00        0.00        -100.00        
9.80        21.59        0.00        0.00        -100.00        
9.82        21.55        0.00        0.00        -100.00        
9.84        21.52        0.00        0.00        -100.00        
9.86        21.48        0.00        0.00        -100.00        
9.88        21.45        0.00        0.00        -100.00        
9.90        21.41        0.00        0.00        -100.00        
9.92        21.38        0.00        0.00        -100.00        
9.94        21.35        0.00        0.00        -100.00        
9.96        21.31        0.00        0.00        -100.00        
9.98        21.28        0.00        0.00        -100.00        
10.00        21.25        0.00        0.00        -100.00        
10.02        21.21        0.00        0.00        -100.00        
10.04        21.18        0.00        0.00        -100.00        
10.06        21.15        0.00        0.00        -100.00        
10.08        21.11        0.00        0.00        -100.00        
10.10        21.08        0.00        0.00        -100.00        
10.12        21.05        0.00        0.00        -100.00        
10.14        21.01        0.00        0.00        -100.00        
10.16        20.98        0.00        0.00        -100.00        
10.18        20.95        0.00        0.00        -100.00        
10.20        20.91        0.00        0.00        -100.00        
10.22        20.88        0.00        0.00        -100.00        
10.24        20.85        0.00        0.00        -100.00        
10.26        20.81        0.00        0.00        -100.00        
10.28        20.78        0.00        0.00        -100.00        
10.30        20.75        0.00        0.00        -100.00        
10.32        20.72        0.00        0.00        -100.00        
10.34        20.68        0.00        0.00        -100.00        
10.36        20.65        0.00        0.00        -100.00        
10.38        20.62        0.00        0.00        -100.00        
10.40        20.59        0.00        0.00        -100.00        
10.42        20.55        0.00        0.00        -100.00        
10.44        20.52        0.00        0.00        -100.00        
10.46        20.49        0.00        0.00        -100.00        
10.48        20.46        0.00        0.00        -100.00        
10.50        20.43        0.00        0.00        -100.00        
10.52        20.39        0.00        0.00        -100.00        
10.54        20.36        0.00        0.00        -100.00        
10.56        20.33        0.00        0.00        -100.00        
10.58        20.30        0.00        0.00        -100.00        
10.60        20.27        0.00        0.00        -100.00        
10.62        20.23        0.00        0.00        -100.00        
10.64        20.20        0.00        0.00        -100.00        
10.66        20.17        0.00        0.00        -100.00        
10.68        20.14        0.00        0.00        -100.00        
10.70        20.11        0.00        0.00        -100.00        
10.72        20.08        0.00        0.00        -100.00        
10.74        20.05        0.00        0.00        -100.00        
10.76        20.01        0.00        0.00        -100.00        
10.78        19.98        0.00        0.00        -100.00        
10.80        19.95        0.00        0.00        -100.00        
10.82        19.92        0.00        0.00        -100.00        
10.84        19.89        0.00        0.00        -100.00        
10.86        19.86        0.00        0.00        -100.00        
10.88        19.83        0.00        0.00        -100.00        
10.90        19.80        0.00        0.00        -100.00        
10.92        19.77        0.00        0.00        -100.00        
10.94        19.74        0.00        0.00        -100.00        
10.96        19.71        0.00        0.00        -100.00        
10.98        19.68        0.00        0.00        -100.00        
11.00        19.64        0.00        0.00        -100.00        
11.02        19.61        0.00        0.00        -100.00        
11.04        19.58        0.00        0.00        -100.00        
11.06        19.55        0.00        0.00        -100.00        
11.08        19.52        0.00        0.00        -100.00        
11.10        19.49        0.00        0.00        -100.00        
11.12        19.46        0.00        0.00        -100.00        
11.14        19.43        0.00        0.00        -100.00        
11.16        19.40        0.00        0.00        -100.00        
11.18        19.37        0.00        0.00        -100.00        
11.20        19.34        0.00        0.00        -100.00        
11.22        19.31        0.00        0.00        -100.00        
11.24        19.28        0.00        0.00        -100.00        
11.26        19.25        0.00        0.00        -100.00        
11.28        19.22        0.00        0.00        -100.00        
11.30        19.19        0.00        0.00        -100.00        
11.32        19.16        0.00        0.00        -100.00        
11.34        19.14        0.00        0.00        -100.00        
11.36        19.11        0.00        0.00        -100.00        
11.38        19.08        0.00        0.00        -100.00        
11.40        19.05        0.00        0.00        -100.00        
11.42        19.02        0.00        0.00        -100.00        
11.44        18.99        0.00        0.00        -100.00        
11.46        18.89        0.00        0.00        -100.00        
11.48        18.74        0.00        0.00        -100.00        
11.50        18.91        0.00        0.00        -100.00        
11.52        19.01        0.00        0.00        -100.00        
11.54        18.98        0.00        0.00        -100.00        
11.56        18.95        0.00        0.00        -100.00        
11.58        18.92        0.00        0.00        -100.00        
11.60        18.88        0.00        0.00        -100.00        
11.62        18.78        0.00        0.00        -100.00        
11.64        18.64        0.00        0.00        -100.00        
11.66        18.81        0.00        0.00        -100.00        
11.68        18.92        0.00        0.00        -100.00        
11.70        19.03        0.00        0.00        -100.00        
11.72        19.14        0.00        0.00        -100.00        
11.74        19.25        0.00        0.00        -100.00        
11.76        19.36        0.00        0.00        -100.00        
11.78        19.47        0.00        0.00        -100.00        
11.80        19.57        0.00        0.00        -100.00        
11.82        19.68        0.00        0.00        -100.00        
11.84        19.79        0.00        0.00        -100.00        
11.86        19.90        0.00        0.00        -100.00        
11.88        20.01        0.00        0.00        -100.00        
11.90        20.12        0.00        0.00        -100.00        
11.92        20.22        0.00        0.00        -100.00        
11.94        20.33        0.00        0.00        -100.00        
11.96        20.44        0.00        0.00        -100.00        
11.98        20.55        0.00        0.00        -100.00        
12.00        20.66        0.00        0.00        -100.00        
12.02        20.76        0.00        0.00        -100.00        
12.04        20.87        0.00        0.00        -100.00        
12.06        20.98        0.00        0.00        -100.00        
12.08        21.09        0.00        0.00        -100.00        
12.10        21.19        0.00        0.00        -100.00        
12.12        21.30        0.00        0.00        -100.00        
12.14        21.41        0.00        0.00        -100.00        
12.16        21.51        0.00        0.00        -100.00        
12.18        21.62        0.00        0.00        -100.00        
12.20        21.73        0.00        0.00        -100.00        
12.22        21.83        0.00        0.00        -100.00        
12.24        21.94        0.00        0.00        -100.00        
12.26        22.04        0.00        0.00        -100.00        
12.28        22.15        0.00        0.00        -100.00        
12.30        22.10        0.00        0.00        -100.00        
12.32        22.07        0.00        0.00        -100.00        
12.34        22.03        0.00        0.00        -100.00        
12.36        21.99        0.00        0.00        -100.00        
12.38        21.96        0.00        0.00        -100.00        
12.40        21.93        0.00        0.00        -100.00        
12.42        21.90        0.00        0.00        -100.00        
12.44        21.86        0.00        0.00        -100.00        
12.46        21.83        0.00        0.00        -100.00        
12.48        21.80        0.00        0.00        -100.00        
12.50        21.76        0.00        0.00        -100.00        
12.52        21.73        0.00        0.00        -100.00        
12.54        21.70        0.00        0.00        -100.00        
12.56        21.66        0.00        0.00        -100.00        
12.58        21.63        0.00        0.00        -100.00        
12.60        21.59        0.00        0.00        -100.00        
12.62        21.56        0.00        0.00        -100.00        
12.64        21.52        0.00        0.00        -100.00        
12.66        21.49        0.00        0.00        -100.00        
12.68        21.45        0.00        0.00        -100.00        
12.70        21.42        0.00        0.00        -100.00        
12.72        21.39        0.00        0.00        -100.00        
12.74        21.35        0.00        0.00        -100.00        
12.76        21.32        0.00        0.00        -100.00        
12.78        21.28        0.00        0.00        -100.00        
12.80        21.25        0.00        0.00        -100.00        
12.82        21.22        0.00        0.00        -100.00        
12.84        21.18        0.00        0.00        -100.00        
12.86        21.15        0.00        0.00        -100.00        
12.88        21.12        0.00        0.00        -100.00        
12.90        21.08        0.00        0.00        -100.00        
12.92        21.05        0.00        0.00        -100.00        
12.94        21.02        0.00        0.00        -100.00        
12.96        20.98        0.00        0.00        -100.00        
12.98        20.95        0.00        0.00        -100.00        
13.00        20.92        0.00        0.00        -100.00        
13.02        20.88        0.00        0.00        -100.00        
13.04        20.85        0.00        0.00        -100.00        
13.06        20.82        0.00        0.00        -100.00        
13.08        20.79        0.00        0.00        -100.00        
13.10        20.75        0.00        0.00        -100.00        
13.12        20.72        0.00        0.00        -100.00        
13.14        20.69        0.00        0.00        -100.00        
13.16        20.66        0.00        0.00        -100.00        
13.18        20.62        0.00        0.00        -100.00        
13.20        20.59        0.00        0.00        -100.00        
13.22        20.56        0.00        0.00        -100.00        
13.24        20.53        0.00        0.00        -100.00        
13.26        20.49        0.00        0.00        -100.00        
13.28        20.46        0.00        0.00        -100.00        
13.30        20.43        0.00        0.00        -100.00        
13.32        20.40        0.00        0.00        -100.00        
13.34        20.37        0.00        0.00        -100.00        
13.36        20.33        0.00        0.00        -100.00        
13.38        20.30        0.00        0.00        -100.00        
13.40        20.27        0.00        0.00        -100.00        
13.42        20.24        0.00        0.00        -100.00        
13.44        20.21        0.00        0.00        -100.00        
13.46        20.12        0.00        0.00        -100.00        
13.48        19.94        0.00        0.00        -100.00        
13.50        20.07        0.00        0.00        -100.00        
13.52        20.18        0.00        0.00        -100.00        
13.54        20.15        0.00        0.00        -100.00        
13.56        20.11        0.00        0.00        -100.00        
13.58        20.08        0.00        0.00        -100.00        
13.60        20.04        0.00        0.00        -100.00        
13.62        20.01        0.00        0.00        -100.00        
13.64        19.98        0.00        0.00        -100.00        
13.66        19.95        0.00        0.00        -100.00        
13.68        19.92        0.00        0.00        -100.00        
13.70        19.82        0.00        0.00        -100.00        
13.72        19.65        0.00        0.00        -100.00        
13.74        19.79        0.00        0.00        -100.00        
13.76        19.91        0.00        0.00        -100.00        
13.78        20.02        0.00        0.00        -100.00        
13.80        20.13        0.00        0.00        -100.00        
13.82        20.23        0.00        0.00        -100.00        
13.84        20.34        0.00        0.00        -100.00        
13.86        20.45        0.00        0.00        -100.00        
13.88        20.55        0.00        0.00        -100.00        
13.90        20.66        0.00        0.00        -100.00        
13.92        20.77        0.00        0.00        -100.00        
13.94        20.87        0.00        0.00        -100.00        
13.96        20.83        0.00        0.00        -100.00        
13.98        20.89        0.00        0.00        -100.00        
14.00        20.54        0.00        0.00        -100.00        
14.02        20.19        0.00        0.00        -100.00        
14.04        19.83        0.00        0.00        -100.00        
14.06        19.48        0.00        0.00        -100.00        
14.08        19.13        0.00        0.00        -100.00        
14.10        18.78        0.00        0.00        -100.00        
14.12        18.43        0.00        0.00        -100.00        
14.14        18.09        0.00        0.00        -100.00        
14.16        17.74        0.00        0.00        -100.00        
14.18        17.40        0.00        0.00        -100.00        
14.20        17.05        0.00        0.00        -100.00        
14.22        16.71        0.00        0.00        -100.00        
14.24        16.37        0.00        0.00        -100.00        
14.26        16.03        0.00        0.00        -100.00        
14.28        15.69        0.00        0.00        -100.00        
14.30        15.35        0.00        0.00        -100.00        
14.32        15.01        0.00        0.00        -100.00        
14.34        14.67        0.00        0.00        -100.00        
14.36        14.34        0.00        0.00        -100.00        
14.38        14.00        0.00        0.00        -100.00        
14.40        13.67        0.00        0.00        -100.00        
14.42        13.33        0.00        0.00        -100.00        
14.44        13.00        0.00        0.00        -100.00        
14.46        12.67        0.00        0.00        -100.00        
14.48        12.34        0.00        0.00        -100.00        
14.50        12.01        0.00        0.00        -100.00        
14.52        11.68        0.00        0.00        -100.00        
14.54        11.36        0.00        0.00        -100.00        
14.56        11.03        0.00        0.00        -100.00        
14.58        10.60        0.00        0.00        -100.00        
14.60        10.45        0.00        0.00        -100.00        
14.62        10.24        0.00        0.00        -100.00        
14.64        9.91        0.00        0.00        -100.00        
14.66        9.58        0.00        0.00        -100.00        
14.68        9.25        0.00        0.00        -100.00        
14.70        8.93        0.00        0.00        -100.00        
14.72        8.61        0.00        0.00        -100.00        
14.74        8.30        0.00        0.00        -100.00        
14.76        7.98        0.00        0.00        -100.00        
14.78        7.67        0.00        0.00        -100.00        
14.80        7.35        0.00        0.00        -100.00        
14.82        7.04        0.00        0.00        -100.00        
14.84        6.72        0.00        0.00        -100.00        
14.86        6.41        0.00        0.00        -100.00        
14.88        6.10        0.00        0.00        -100.00        
14.90        5.79        0.00        0.00        -100.00        
14.92        5.48        0.00        0.00        -100.00        
14.94        5.17        0.00        0.00        -100.00        
14.96        4.86        0.00        0.00        -100.00        
14.98        4.55        0.00        0.00        -100.00        
15.00        4.25        0.00        0.00        -100.00        
15.02        3.94        0.00        0.00        -100.00        
15.04        3.64        0.00        0.00        -100.00        
15.06        3.33        0.00        0.00        -100.00        
15.08        3.03        0.00        0.00        -100.00        
15.10        2.73        0.00        0.00        -100.00        
15.12        2.43        0.00        0.00        -100.00        
15.14        2.13        0.00        0.00        -100.00        
15.16        1.83        0.00        0.00        -100.00        
15.18        1.53        0.00        0.00        -100.00        
15.20        1.23        0.00        0.00        -100.00        
15.22        0.93        0.00        0.00        -100.00        
15.24        0.64        0.00        0.00        -100.00        
15.26        0.44        0.00        0.00        -100.00        
15.28        0.01        0.00        0.00        -100.00        
15.30        0.00        0.00        0.00        -100.00        
15.32        0.00        0.00        0.00        -100.00        
15.34        0.00        0.00        0.00        -100.00        
15.36        0.00        0.00        0.00        -100.00        
15.38        0.00        0.00        0.00        -100.00        
15.40        0.00        0.00        0.00        -100.00        
15.42        0.00        0.00        0.00        -100.00        
15.44        0.00        0.00        0.00        -100.00        
15.46        0.00        0.00        0.00        -100.00        
15.48        0.00        0.00        0.00        -100.00        
15.50        0.00        0.00        0.00        -100.00        
15.52        0.00        0.00        0.00        -100.00        
15.54        0.00        0.00        0.00        -100.00        
15.56        0.00        0.00        0.00        -100.00        
15.58        0.00        0.00        0.00        -100.00        
15.60        0.00        0.00        0.00        -100.00        
15.62        0.00        0.00        0.00        -100.00        
15.64        0.00        0.00        0.00        -100.00        
15.66        0.00        0.00        0.00        -100.00        
15.68        0.00        0.00        0.00        -100.00        
15.70        0.00        0.00        0.00        -100.00        
15.72        0.00        0.00        0.00        -100.00        
15.74        0.00        0.00        0.00        -100.00        
15.76        0.00        0.00        0.00        -100.00        
15.78        0.00        0.00        0.00        -100.00        
15.80        0.00        0.00        0.00        -100.00        
15.82        0.00        0.00        0.00        -100.00        
15.84        0.00        0.00        0.00        -100.00        
15.86        0.00        0.00        0.00        -100.00        
15.88        0.00        0.00        0.00        -100.00        
15.90        0.00        0.00        0.00        -100.00        
15.92        0.00        0.00        0.00        -100.00        
15.94        0.00        0.00        0.00        -100.00        
15.96        0.00        0.00        0.00        -100.00        
15.98        0.00        0.00        0.00        -100.00        
16.00        0.00        0.00        0.00        -100.00        
16.02        0.00        0.00        0.00        -100.00        
16.04        0.00        0.00        0.00        -100.00        
16.06        0.00        0.00        0.00        -100.00        
16.08        0.00        0.00        0.00        -100.00        
16.10        0.00        0.00        0.00        -100.00        
16.12        0.00        0.00        0.00        -100.00        
16.14        0.00        0.00        0.00        -100.00        
16.16        0.00        0.00        0.00        -100.00        
16.18        0.00        0.00        0.00        -100.00        
16.20        0.00        0.00        0.00        -100.00        
16.22        0.00        0.00        0.00        -100.00        
16.24        0.00        0.00        0.00        -100.00        
16.26        0.00        0.00        0.00        -100.00        
16.28        0.00        0.00        0.00        -100.00        
16.30        0.00        0.00        0.00        -100.00        
16.32        0.00        0.00        0.00        -100.00        
16.34        0.00        0.00        0.00        -100.00        
16.36        0.00        0.00        0.00        -100.00        
16.38        0.00        0.00        0.00        -100.00        
16.40        0.00        0.00        0.00        -100.00        
16.42        0.00        0.00        0.00        -100.00        
16.44        0.00        0.00        0.00        -100.00        
16.46        0.00        0.00        0.00        -100.00        
16.48        0.00        0.00        0.00        -100.00        
16.50        0.00        0.00        0.00        -100.00        
16.52        0.00        0.00        0.00        -100.00        
16.54        0.00        0.00        0.00        -100.00        
16.56        0.00        0.00        0.00        -100.00        
16.58        0.00        0.00        0.00        -100.00        
16.60        0.00        0.00        0.00        -100.00        
16.62        0.00        0.00        0.00        -100.00        
16.64        0.00        0.00        0.00        -100.00        
16.66        0.00        0.00        0.00        -100.00        
16.68        0.00        0.00        0.00        -100.00        
16.70        0.00        0.00        0.00        -100.00        
16.72        0.00        0.00        0.00        -100.00        
16.74        0.00        0.00        0.00        -100.00        
16.76        0.00        0.00        0.00        -100.00        
16.78        0.00        0.00        0.00        -100.00        
16.80        0.00        0.00        0.00        -100.00        
16.82        0.00        0.00        0.00        -100.00        
16.84        0.00        0.00        0.00        -100.00        
16.86        0.00        0.00        0.00        -100.00        
16.88        0.00        0.00        0.00        -100.00        
16.90        0.00        0.00        0.00        -100.00        
16.92        0.00        0.00        0.00        -100.00        
16.94        0.00        0.00        0.00        -100.00        
16.96        0.00        0.00        0.00        -100.00        
16.98        0.00        0.00        0.00        -100.00        
17.00        0.00        0.00        0.00        -100.00        
17.02        0.00        0.00        0.00        -100.00        
17.04        0.00        0.00        0.00        -100.00        
17.06        0.00        0.00        0.00        -100.00        
17.08        0.00        0.00        0.00        -100.00        
17.10        0.00        0.00        0.00        -100.00        
17.12        0.00        0.00        0.00        -100.00        
17.14        0.00        0.00        0.00        -100.00        
17.16        0.00        0.00        0.00        -100.00        
17.18        0.00        0.00        0.00        -100.00        
17.20        0.00        0.00        0.00        -100.00        
17.22        0.00        0.00        0.00        -100.00        
17.24        0.00        0.00        0.00        -100.00        
17.26        0.00        0.00        0.00        -100.00        
17.28        0.00        0.00        0.00        -100.00        
17.30        0.00        0.00        0.00        -100.00        
17.32        0.00        0.00        0.00        -100.00        
17.34        0.00        0.00        0.00        -100.00        
17.36        0.00        0.00        0.00        -100.00        
17.38        0.00        0.00        0.00        -100.00        
17.40        0.00        0.00        0.00        -100.00        
17.42        0.00        0.00        0.00        -100.00        
17.44        0.08        0.00        0.00        -100.00        
17.46        0.23        0.00        0.00        -100.00        
17.48        0.37        0.00        0.00        -100.00        
17.50        0.51        0.00        0.00        -100.00        
17.52        0.65        0.00        0.00        -100.00        
17.54        0.79        0.00        0.00        -100.00        
17.56        0.93        0.00        0.00        -100.00        
17.58        1.07        0.00        0.00        -100.00        
17.60        1.21        0.00        0.00        -100.00        
17.62        1.35        0.00        0.00        -100.00        
17.64        1.49        0.00        0.00        -100.00        
17.66        1.62        0.00        0.00        -100.00        
17.68        1.76        0.00        0.00        -100.00        
17.70        1.90        0.00        0.00        -100.00        
17.72        2.04        0.00        0.00        -100.00        
17.74        2.18        0.00        0.00        -100.00        
17.76        2.32        0.00        0.00        -100.00        
17.78        2.45        0.00        0.00        -100.00        
17.80        2.59        0.00        0.00        -100.00        
17.82        2.73        0.00        0.00        -100.00        
17.84        2.87        0.00        0.00        -100.00        
17.86        3.00        0.00        0.00        -100.00        
17.88        3.14        0.00        0.00        -100.00        
17.90        3.28        0.00        0.00        -100.00        
17.92        3.41        0.00        0.00        -100.00        
17.94        3.55        0.00        0.00        -100.00        
17.96        3.68        0.00        0.00        -100.00        
17.98        3.82        0.00        0.00        -100.00        
18.00        3.95        0.00        0.00        -100.00        
18.02        4.09        0.00        0.00        -100.00        
18.04        4.22        0.00        0.00        -100.00        
18.06        4.36        0.00        0.00        -100.00        
18.08        4.49        0.00        0.00        -100.00        
18.10        4.63        0.00        0.00        -100.00        
18.12        4.76        0.00        0.00        -100.00        
18.14        4.89        0.00        0.00        -100.00        
18.16        5.03        0.00        0.00        -100.00        
18.18        5.16        0.00        0.00        -100.00        
18.20        5.29        0.00        0.00        -100.00        
18.22        5.43        0.00        0.00        -100.00        
18.24        5.56        0.00        0.00        -100.00        
18.26        5.69        0.00        0.00        -100.00        
18.28        5.82        0.00        0.00        -100.00        
18.30        5.96        0.00        0.00        -100.00        
18.32        6.09        0.00        0.00        -100.00        
18.34        6.22        0.00        0.00        -100.00        
18.36        6.35        0.00        0.00        -100.00        
18.38        6.48        0.00        0.00        -100.00        
18.40        6.61        0.00        0.00        -100.00        
18.42        6.74        0.00        0.00        -100.00        
18.44        6.87        0.00        0.00        -100.00        
18.46        7.00        0.00        0.00        -100.00        
18.48        7.13        0.00        0.00        -100.00        
18.50        7.26        0.00        0.00        -100.00        
18.52        7.39        0.00        0.00        -100.00        
18.54        7.52        0.00        0.00        -100.00        
18.56        7.65        0.00        0.00        -100.00        
18.58        7.78        0.00        0.00        -100.00        
18.60        7.91        0.00        0.00        -100.00        
18.62        8.04        0.00        0.00        -100.00        
18.64        8.16        0.00        0.00        -100.00        
18.66        8.29        0.00        0.00        -100.00        
18.68        8.42        0.00        0.00        -100.00        
18.70        8.55        0.00        0.00        -100.00        
18.72        8.68        0.00        0.00        -100.00        
18.74        8.80        0.00        0.00        -100.00        
18.76        8.93        0.00        0.00        -100.00        
18.78        9.06        0.00        0.00        -100.00        
18.80        9.18        0.00        0.00        -100.00        
18.82        9.31        0.00        0.00        -100.00        
18.84        9.44        0.00        0.00        -100.00        
18.86        9.56        0.00        0.00        -100.00        
18.88        9.69        0.00        0.00        -100.00        
18.90        9.81        0.00        0.00        -100.00        
18.92        9.94        0.00        0.00        -100.00        
18.94        10.06        0.00        0.00        -100.00        
18.96        10.19        0.00        0.00        -100.00        
18.98        10.31        0.00        0.00        -100.00        
19.00        10.44        0.00        0.00        -100.00        
19.02        10.56        0.00        0.00        -100.00        
19.04        10.69        0.00        0.00        -100.00        
19.06        10.81        0.00        0.00        -100.00        
19.08        10.93        0.00        0.00        -100.00        
19.10        11.06        0.00        0.00        -100.00        
19.12        11.18        0.00        0.00        -100.00        
19.14        11.30        0.00        0.00        -100.00        
19.16        11.47        0.00        0.00        -100.00        
19.18        11.57        0.00        0.00        -100.00        
19.20        11.67        0.00        0.00        -100.00        
19.22        11.79        0.00        0.00        -100.00        
19.24        11.91        0.00        0.00        -100.00        
19.26        12.03        0.00        0.00        -100.00        
19.28        12.16        0.00        0.00        -100.00        
19.30        12.28        0.00        0.00        -100.00        
19.32        12.40        0.00        0.00        -100.00        
19.34        12.52        0.00        0.00        -100.00        
19.36        12.65        0.00        0.00        -100.00        
19.38        12.77        0.00        0.00        -100.00        
19.40        12.89        0.00        0.00        -100.00        
19.42        13.01        0.00        0.00        -100.00        
19.44        13.13        0.00        0.00        -100.00        
19.46        13.25        0.00        0.00        -100.00        
19.48        13.37        0.00        0.00        -100.00        
19.50        13.49        0.00        0.00        -100.00        
19.52        13.61        0.00        0.00        -100.00        
19.54        13.73        0.00        0.00        -100.00        
19.56        13.84        0.00        0.00        -100.00        
19.58        13.96        0.00        0.00        -100.00        
19.60        14.08        0.00        0.00        -100.00        
19.62        14.20        0.00        0.00        -100.00        
19.64        14.32        0.00        0.00        -100.00        
19.66        14.44        0.00        0.00        -100.00        
19.68        14.55        0.00        0.00        -100.00        
19.70        14.67        0.00        0.00        -100.00        
19.72        14.79        0.00        0.00        -100.00        
19.74        14.91        0.00        0.00        -100.00        
19.76        15.02        0.00        0.00        -100.00        
19.78        15.14        0.00        0.00        -100.00        
19.80        15.26        0.00        0.00        -100.00        
19.82        15.37        0.00        0.00        -100.00        
19.84        15.49        0.00        0.00        -100.00        
19.86        15.61        0.00        0.00        -100.00        
19.88        15.72        0.00        0.00        -100.00        
19.90        15.84        0.00        0.00        -100.00        
19.92        15.95        0.00        0.00        -100.00        
19.94        16.07        0.00        0.00        -100.00        
19.96        16.18        0.00        0.00        -100.00        
19.98        16.30        0.00        0.00        -100.00        
20.00        16.41        0.00        0.00        -100.00        
20.02        16.53        0.00        0.00        -100.00        
20.04        16.64        0.00        0.00        -100.00        
20.06        16.76        0.00        0.00        -100.00        
20.08        16.87        0.00        0.00        -100.00        
20.10        16.98        0.00        0.00        -100.00        
20.12        17.10        0.00        0.00        -100.00        
20.14        17.21        0.00        0.00        -100.00        
20.16        17.32        0.00        0.00        -100.00        
20.18        17.44        0.00        0.00        -100.00        
20.20        17.55        0.00        0.00        -100.00        
20.22        17.66        0.00        0.00        -100.00        
20.24        17.78        0.00        0.00        -100.00        
20.26        17.89        0.00        0.00        -100.00        
20.28        18.00        0.00        0.00        -100.00        
20.30        18.11        0.00        0.00        -100.00        
20.32        18.22        0.00        0.00        -100.00        
20.34        18.33        0.00        0.00        -100.00        
20.36        18.45        0.00        0.00        -100.00        
20.38        18.56        0.00        0.00        -100.00        
20.40        18.67        0.00        0.00        -100.00        
20.42        18.78        0.00        0.00        -100.00        
20.44        18.89        0.00        0.00        -100.00        
20.46        19.00        0.00        0.00        -100.00        
20.48        19.11        0.00        0.00        -100.00        
20.50        19.22        0.00        0.00        -100.00        
20.52        19.33        0.00        0.00        -100.00        
20.54        19.44        0.00        0.00        -100.00        
20.56        19.55        0.00        0.00        -100.00        
20.58        19.66        0.00        0.00        -100.00        
20.60        19.77        0.00        0.00        -100.00        
20.62        19.88        0.00        0.00        -100.00        
20.64        19.99        0.00        0.00        -100.00        
20.66        20.10        0.00        0.00        -100.00        
20.68        20.20        0.00        0.00        -100.00        
20.70        20.31        0.00        0.00        -100.00        
20.72        20.42        0.00        0.00        -100.00        
20.74        20.53        0.00        0.00        -100.00        
20.76        20.64        0.00        0.00        -100.00        
20.78        20.74        0.00        0.00        -100.00        
20.80        20.85        0.00        0.00        -100.00        
20.82        20.96        0.00        0.00        -100.00        
20.84        21.07        0.00        0.00        -100.00        
20.86        21.17        0.00        0.00        -100.00        
20.88        21.28        0.00        0.00        -100.00        
20.90        21.39        0.00        0.00        -100.00        
20.92        21.49        0.00        0.00        -100.00        
20.94        21.60        0.00        0.00        -100.00        
20.96        21.70        0.00        0.00        -100.00        
20.98        21.81        0.00        0.00        -100.00        
21.00        21.92        0.00        0.00        -100.00        
21.02        22.02        0.00        0.00        -100.00        
21.04        22.13        0.00        0.00        -100.00        
21.06        22.23        0.00        0.00        -100.00        
21.08        22.34        0.00        0.00        -100.00        
21.10        22.44        0.00        0.00        -100.00        
21.12        22.55        0.00        0.00        -100.00        
21.14        22.65        0.00        0.00        -100.00        
21.16        22.76        0.00        0.00        -100.00        
21.18        22.86        0.00        0.00        -100.00        
21.20        22.96        0.00        0.00        -100.00        
21.22        23.07        0.00        0.00        -100.00        
21.24        23.17        0.00        0.00        -100.00        
21.26        23.27        0.00        0.00        -100.00        
21.28        23.38        0.00        0.00        -100.00        
21.30        23.48        0.00        0.00        -100.00        
21.32        23.58        0.00        0.00        -100.00        
21.34        23.69        0.00        0.00        -100.00        
21.36        23.79        0.00        0.00        -100.00        
21.38        23.89        0.00        0.00        -100.00        
21.40        23.99        0.00        0.00        -100.00        
21.42        24.10        0.00        0.00        -100.00        
21.44        24.20        0.00        0.00        -100.00        
21.46        24.30        0.00        0.00        -100.00        
21.48        24.40        0.00        0.00        -100.00        
21.50        24.50        0.00        0.00        -100.00        
21.52        24.60        0.00        0.00        -100.00        
21.54        24.71        0.00        0.00        -100.00        
21.56        24.81        0.00        0.00        -100.00        
21.58        24.91        0.00        0.00        -100.00        
21.60        25.01        0.00        0.00        -100.00        
21.62        25.11        0.00        0.00        -100.00        
21.64        25.21        0.00        0.00        -100.00        
21.66        25.31        0.00        0.00        -100.00        
21.68        25.41        0.00        0.00        -100.00        
21.70        25.51        0.00        0.00        -100.00        
21.72        25.61        0.00        0.00        -100.00        
21.74        25.71        0.00        0.00        -100.00        
21.76        25.81        0.00        0.00        -100.00        
21.78        25.91        0.00        0.00        -100.00        
21.80        26.00        0.00        0.00        -100.00        
21.82        26.10        0.00        0.00        -100.00        
21.84        26.20        0.00        0.00        -100.00        
21.86        26.30        0.00        0.00        -100.00        
21.88        26.40        0.00        0.00        -100.00        
21.90        26.50        0.00        0.00        -100.00        
21.92        26.59        0.00        0.00        -100.00        
21.94        26.69        0.00        0.00        -100.00        
21.96        26.79        0.00        0.00        -100.00        
21.98        26.89        0.00        0.00        -100.00        
22.00        26.99        0.00        0.00        -100.00        
22.02        27.08        0.00        0.00        -100.00        
22.04        27.18        0.00        0.00        -100.00        
22.06        27.28        0.00        0.00        -100.00        
22.08        27.37        0.00        0.00        -100.00        
22.10        27.47        0.00        0.00        -100.00        
22.12        27.57        0.00        0.00        -100.00        
22.14        27.66        0.00        0.00        -100.00        
22.16        27.76        0.00        0.00        -100.00        
22.18        27.85        0.00        0.00        -100.00        
22.20        27.95        0.00        0.00        -100.00        
22.22        28.05        0.00        0.00        -100.00        
22.24        28.14        0.00        0.00        -100.00        
22.26        28.24        0.00        0.00        -100.00        
22.28        28.33        0.00        0.00        -100.00        
22.30        28.43        0.00        0.00        -100.00        
22.32        28.52        0.00        0.00        -100.00        
22.34        28.62        0.00        0.00        -100.00        
22.36        28.71        0.00        0.00        -100.00        
22.38        28.80        0.00        0.00        -100.00        
22.40        28.90        0.00        0.00        -100.00        
22.42        28.99        0.00        0.00        -100.00        
22.44        29.09        0.00        0.00        -100.00        
22.46        29.18        0.00        0.00        -100.00        
22.48        29.27        0.00        0.00        -100.00        
22.50        29.37        0.00        0.00        -100.00        
22.52        29.46        0.00        0.00        -100.00        
22.54        29.55        0.00        0.00        -100.00        
22.56        29.65        0.00        0.00        -100.00        
22.58        29.74        0.00        0.00        -100.00        
22.60        29.83        0.00        0.00        -100.00        
22.62        29.93        0.00        0.00        -100.00        
22.64        30.02        0.00        0.00        -100.00        
22.66        30.11        0.00        0.00        -100.00        
22.68        30.20        0.00        0.00        -100.00        
22.70        30.29        0.00        0.00        -100.00        
22.72        30.39        0.00        0.00        -100.00        
22.74        30.48        0.00        0.00        -100.00        
22.76        30.57        0.00        0.00        -100.00        
22.78        30.66        0.00        0.00        -100.00        
22.80        30.75        0.00        0.00        -100.00        
22.82        30.84        0.00        0.00        -100.00        
22.84        30.93        0.00        0.00        -100.00        
22.86        31.02        0.00        0.00        -100.00        
22.88        31.11        0.00        0.00        -100.00        
22.90        31.20        0.00        0.00        -100.00        
22.92        31.30        0.00        0.00        -100.00        
22.94        31.39        0.00        0.00        -100.00        
22.96        31.48        0.00        0.00        -100.00        
22.98        31.56        0.00        0.00        -100.00        
23.00        31.65        0.00        0.00        -100.00        
23.02        31.74        0.00        0.00        -100.00        
23.04        31.83        0.00        0.00        -100.00        
23.06        31.92        0.00        0.00        -100.00        
23.08        32.01        0.00        0.00        -100.00        
23.10        32.10        0.00        0.00        -100.00        
23.12        32.19        0.00        0.00        -100.00        
23.14        32.28        0.00        0.00        -100.00        
23.16        32.37        0.00        0.00        -100.00        
23.18        32.46        0.00        0.00        -100.00        
23.20        32.54        0.00        0.00        -100.00        
23.22        32.63        0.00        0.00        -100.00        
23.24        32.72        0.00        0.00        -100.00        
23.26        32.81        0.00        0.00        -100.00        
23.28        32.89        0.00        0.00        -100.00        
23.30        32.98        0.00        0.00        -100.00        
23.32        33.07        0.00        0.00        -100.00        
23.34        33.16        0.00        0.00        -100.00        
23.36        33.24        0.00        0.00        -100.00        
23.38        33.33        0.00        0.00        -100.00        
23.40        33.42        0.00        0.00        -100.00        
23.42        33.50        0.00        0.00        -100.00        
23.44        33.59        0.00        0.00        -100.00        
23.46        33.68        0.00        0.00        -100.00        
23.48        33.76        0.00        0.00        -100.00        
23.50        33.85        0.00        0.00        -100.00        
23.52        33.94        0.00        0.00        -100.00        
23.54        34.02        0.00        0.00        -100.00        
23.56        34.11        0.00        0.00        -100.00        
23.58        34.19        0.00        0.00        -100.00        
23.60        34.28        0.00        0.00        -100.00        
23.62        34.36        0.00        0.00        -100.00        
23.64        34.45        0.00        0.00        -100.00        
23.66        34.38        0.00        0.00        -100.00        
23.68        34.32        0.00        0.00        -100.00        
23.70        34.26        0.00        0.00        -100.00        
23.72        34.20        0.00        0.00        -100.00        
23.74        34.14        0.00        0.00        -100.00        
23.76        34.08        0.00        0.00        -100.00        
23.78        34.03        0.00        0.00        -100.00        
23.80        33.97        0.00        0.00        -100.00        
23.82        33.92        0.00        0.00        -100.00        
23.84        33.86        0.00        0.00        -100.00        
23.86        33.80        0.00        0.00        -100.00        
23.88        33.74        0.00        0.00        -100.00        
23.90        33.69        0.00        0.00        -100.00        
23.92        33.63        0.00        0.00        -100.00        
23.94        33.57        0.00        0.00        -100.00        
23.96        33.51        0.00        0.00        -100.00        
23.98        33.45        0.00        0.00        -100.00        
24.00        33.39        0.00        0.00        -100.00        
24.02        33.34        0.00        0.00        -100.00        
24.04        33.28        0.00        0.00        -100.00        
24.06        33.22        0.00        0.00        -100.00        
24.08        33.16        0.00        0.00        -100.00        
24.10        33.11        0.00        0.00        -100.00        
24.12        33.05        0.00        0.00        -100.00        
24.14        32.99        0.00        0.00        -100.00        
24.16        32.94        0.00        0.00        -100.00        
24.18        32.88        0.00        0.00        -100.00        
24.20        32.82        0.00        0.00        -100.00        
24.22        32.77        0.00        0.00        -100.00        
24.24        32.71        0.00        0.00        -100.00        
24.26        32.65        0.00        0.00        -100.00        
24.28        32.60        0.00        0.00        -100.00        
24.30        32.54        0.00        0.00        -100.00        
24.32        32.49        0.00        0.00        -100.00        
24.34        32.43        0.00        0.00        -100.00        
24.36        32.37        0.00        0.00        -100.00        
24.38        32.32        0.00        0.00        -100.00        
24.40        32.26        0.00        0.00        -100.00        
24.42        32.21        0.00        0.00        -100.00        
24.44        32.15        0.00        0.00        -100.00        
24.46        32.10        0.00        0.00        -100.00        
24.48        32.04        0.00        0.00        -100.00        
24.50        31.99        0.00        0.00        -100.00        
24.52        31.93        0.00        0.00        -100.00        
24.54        31.88        0.00        0.00        -100.00        
24.56        31.82        0.00        0.00        -100.00        
24.58        31.77        0.00        0.00        -100.00        
24.60        31.72        0.00        0.00        -100.00        
24.62        31.66        0.00        0.00        -100.00        
