Time        Speed       Wheel       Brake       Acceleration 
10.64        28.45        0.00        0.00        -100.00        
10.66        28.53        0.00        0.00        -100.00        
10.68        28.61        0.00        0.00        -100.00        
10.70        28.70        0.00        0.00        -100.00        
10.72        28.78        0.00        0.00        -100.00        
10.74        28.86        0.00        0.00        -100.00        
10.76        28.94        0.00        0.00        -100.00        
10.78        29.03        0.00        0.00        -100.00        
10.80        29.11        0.00        0.00        -100.00        
10.82        29.19        0.00        0.00        -100.00        
10.84        29.27        0.00        0.00        -100.00        
10.86        29.35        0.00        0.00        -100.00        
10.88        29.43        0.00        0.00        -100.00        
10.90        29.51        0.00        0.00        -100.00        
10.92        29.59        0.00        0.00        -100.00        
10.94        29.68        0.00        0.00        -100.00        
10.96        29.76        0.00        0.00        -100.00        
10.98        29.84        0.00        0.00        -100.00        
11.00        29.92        0.00        0.00        -100.00        
11.02        30.00        0.00        0.00        -100.00        
11.04        30.08        0.00        0.00        -100.00        
11.06        30.16        0.00        0.00        -100.00        
11.08        30.24        0.00        0.00        -100.00        
11.10        30.32        0.00        0.00        -100.00        
11.12        30.40        0.00        0.00        -100.00        
11.14        30.47        0.00        0.00        -100.00        
11.16        30.55        0.00        0.00        -100.00        
11.18        30.63        0.00        0.00        -100.00        
11.20        30.71        0.00        0.00        -100.00        
11.22        30.79        0.00        0.00        -100.00        
11.24        30.87        0.00        0.00        -100.00        
11.26        30.95        0.00        0.00        -100.00        
11.28        31.03        0.00        0.00        -100.00        
11.30        31.10        0.00        0.00        -100.00        
11.32        31.18        0.00        0.00        -100.00        
11.34        31.26        0.00        0.00        -100.00        
11.36        31.34        0.00        0.00        -100.00        
11.38        31.42        0.00        0.00        -100.00        
11.40        31.49        0.00        0.00        -100.00        
11.42        31.57        0.00        0.00        -100.00        
11.44        31.65        0.00        0.00        -100.00        
11.46        31.72        0.00        0.00        -100.00        
11.48        31.80        0.00        0.00        -100.00        
11.50        31.88        0.00        0.00        -100.00        
11.52        31.95        0.00        0.00        -100.00        
11.54        32.03        0.00        0.00        -100.00        
11.56        32.11        0.00        0.00        -100.00        
11.58        32.18        0.00        0.00        -100.00        
11.60        32.26        0.00        0.00        -100.00        
11.62        32.34        0.00        0.00        -100.00        
11.64        32.41        0.00        0.00        -100.00        
11.66        32.49        0.00        0.00        -100.00        
11.68        32.56        0.00        0.00        -100.00        
11.70        32.64        0.00        0.00        -100.00        
11.72        32.71        0.00        0.00        -100.00        
11.74        32.79        0.00        0.00        -100.00        
11.76        32.86        0.00        0.00        -100.00        
11.78        32.94        0.00        0.00        -100.00        
11.80        33.01        0.00        0.00        -100.00        
11.82        33.09        0.00        0.00        -100.00        
11.84        33.16        0.00        0.00        -100.00        
11.86        33.24        0.00        0.00        -100.00        
11.88        33.31        0.00        0.00        -100.00        
11.90        33.38        0.00        0.00        -100.00        
11.92        33.46        0.00        0.00        -100.00        
11.94        33.53        0.00        0.00        -100.00        
11.96        33.60        0.00        0.00        -100.00        
11.98        33.68        0.00        0.00        -100.00        
12.00        33.75        0.00        0.00        -100.00        
12.02        33.82        0.00        0.00        -100.00        
12.04        33.90        0.00        0.00        -100.00        
12.06        33.97        0.00        0.00        -100.00        
12.08        34.04        0.00        0.00        -100.00        
12.10        34.12        0.00        0.00        -100.00        
12.12        34.19        0.00        0.00        -100.00        
12.14        34.26        0.00        0.00        -100.00        
12.16        34.33        0.00        0.00        -100.00        
12.18        34.41        0.00        0.00        -100.00        
12.20        34.48        0.00        0.00        -100.00        
12.22        34.55        0.00        0.00        -100.00        
12.24        34.62        0.00        0.00        -100.00        
12.26        34.69        0.00        0.00        -100.00        
12.28        34.76        0.00        0.00        -100.00        
12.30        34.84        0.00        0.00        -100.00        
12.32        34.91        0.00        0.00        -100.00        
12.34        34.98        0.00        0.00        -100.00        
12.36        35.05        0.00        0.00        -100.00        
12.38        35.12        0.00        0.00        -100.00        
12.40        35.19        0.00        0.00        -100.00        
12.42        35.26        0.00        0.00        -100.00        
12.44        35.33        0.00        0.00        -100.00        
12.46        35.40        0.00        0.00        -100.00        
12.48        35.47        0.00        0.00        -100.00        
12.50        35.54        0.00        0.00        -100.00        
12.52        35.61        0.00        0.00        -100.00        
12.54        35.68        0.00        0.00        -100.00        
12.56        35.75        0.00        0.00        -100.00        
12.58        35.82        0.00        0.00        -100.00        
12.60        35.89        0.00        0.00        -100.00        
12.62        35.96        0.00        0.00        -100.00        
12.64        36.03        0.00        0.00        -100.00        
12.66        36.10        0.00        0.00        -100.00        
12.68        36.17        0.00        0.00        -100.00        
12.70        36.24        0.00        0.00        -100.00        
12.72        36.30        0.00        0.00        -100.00        
12.74        36.37        0.00        0.00        -100.00        
12.76        36.44        0.00        0.00        -100.00        
12.78        36.51        0.00        0.00        -100.00        
12.80        36.58        0.00        0.00        -100.00        
12.82        36.65        0.00        0.00        -100.00        
12.84        36.71        0.00        0.00        -100.00        
12.86        36.78        0.00        0.00        -100.00        
12.88        36.85        0.00        0.00        -100.00        
12.90        36.92        0.00        0.00        -100.00        
12.92        36.98        0.00        0.00        -100.00        
12.94        37.05        0.00        0.00        -100.00        
12.96        37.12        0.00        0.00        -100.00        
12.98        37.19        0.00        0.00        -100.00        
13.00        37.25        0.00        0.00        -100.00        
13.02        37.32        0.00        0.00        -100.00        
13.04        37.39        0.00        0.00        -100.00        
13.06        37.45        0.00        0.00        -100.00        
13.08        37.52        0.00        0.00        -100.00        
13.10        37.59        0.00        0.00        -100.00        
13.12        37.65        0.00        0.00        -100.00        
13.14        37.72        0.00        0.00        -100.00        
13.16        37.78        0.00        0.00        -100.00        
13.18        37.85        0.00        0.00        -100.00        
13.20        37.92        0.00        0.00        -100.00        
13.22        37.98        0.00        0.00        -100.00        
13.24        38.05        0.00        0.00        -100.00        
13.26        38.11        0.00        0.00        -100.00        
13.28        38.18        0.00        0.00        -100.00        
13.30        38.24        0.00        0.00        -100.00        
13.32        38.31        0.00        0.00        -100.00        
13.34        38.37        0.00        0.00        -100.00        
13.36        38.44        0.00        0.00        -100.00        
13.38        38.50        0.00        0.00        -100.00        
13.40        38.57        0.00        0.00        -100.00        
13.42        38.63        0.00        0.00        -100.00        
13.44        38.70        0.00        0.00        -100.00        
13.46        38.76        0.00        0.00        -100.00        
13.48        38.82        0.00        0.00        -100.00        
13.50        38.89        0.00        0.00        -100.00        
13.52        38.95        0.00        0.00        -100.00        
13.54        39.02        0.00        0.00        -100.00        
13.56        39.08        0.00        0.00        -100.00        
13.58        39.14        0.00        0.00        -100.00        
13.60        39.21        0.00        0.00        -100.00        
13.62        39.27        0.00        0.00        -100.00        
13.64        39.33        0.00        0.00        -100.00        
13.66        39.40        0.00        0.00        -100.00        
13.68        39.46        0.00        0.00        -100.00        
13.70        39.52        0.00        0.00        -100.00        
13.72        39.58        0.00        0.00        -100.00        
13.74        39.65        0.00        0.00        -100.00        
13.76        39.71        0.00        0.00        -100.00        
13.78        39.77        0.00        0.00        -100.00        
13.80        39.83        0.00        0.00        -100.00        
13.82        39.90        0.00        0.00        -100.00        
13.84        39.96        0.00        0.00        -100.00        
13.86        40.02        0.00        0.00        -100.00        
13.88        40.08        0.00        0.00        -100.00        
13.90        40.14        0.00        0.00        -100.00        
13.92        40.20        0.00        0.00        -100.00        
13.94        40.27        0.00        0.00        -100.00        
13.96        40.33        0.00        0.00        -100.00        
13.98        40.39        0.00        0.00        -100.00        
14.00        40.45        0.00        0.00        -100.00        
14.02        40.51        0.00        0.00        -100.00        
14.04        40.57        0.00        0.00        -100.00        
14.06        40.63        0.00        0.00        -100.00        
14.08        40.69        0.00        0.00        -100.00        
14.10        40.75        0.00        0.00        -100.00        
14.12        40.81        0.00        0.00        -100.00        
14.14        40.87        0.00        0.00        -100.00        
14.16        40.93        0.00        0.00        -100.00        
14.18        40.99        0.00        0.00        -100.00        
14.20        41.05        0.00        0.00        -100.00        
14.22        41.11        0.00        0.00        -100.00        
14.24        41.17        0.00        0.00        -100.00        
14.26        41.23        0.00        0.00        -100.00        
14.28        41.29        0.00        0.00        -100.00        
14.30        41.35        0.00        0.00        -100.00        
14.32        41.41        0.00        0.00        -100.00        
14.34        41.47        0.00        0.00        -100.00        
14.36        41.53        0.00        0.00        -100.00        
14.38        41.59        0.00        0.00        -100.00        
14.40        41.65        0.00        0.00        -100.00        
14.42        41.71        0.00        0.00        -100.00        
14.44        41.77        0.00        0.00        -100.00        
14.46        41.83        0.00        0.00        -100.00        
14.48        41.88        0.00        0.00        -100.00        
14.50        41.94        0.00        0.00        -100.00        
14.52        42.00        0.00        0.00        -100.00        
14.54        42.06        0.00        0.00        -100.00        
14.56        42.12        0.00        0.00        -100.00        
14.58        42.17        0.00        0.00        -100.00        
14.60        42.23        0.00        0.00        -100.00        
14.62        42.29        0.00        0.00        -100.00        
14.64        42.35        0.00        0.00        -100.00        
14.66        42.41        0.00        0.00        -100.00        
14.68        42.46        0.00        0.00        -100.00        
14.70        42.52        0.00        0.00        -100.00        
14.72        42.58        0.00        0.00        -100.00        
14.74        42.63        0.00        0.00        -100.00        
14.76        42.69        0.00        0.00        -100.00        
14.78        42.75        0.00        0.00        -100.00        
14.80        42.81        0.00        0.00        -100.00        
14.82        42.86        0.00        0.00        -100.00        
14.84        42.92        0.00        0.00        -100.00        
14.86        42.98        0.00        0.00        -100.00        
14.88        43.03        0.00        0.00        -100.00        
14.90        43.09        0.00        0.00        -100.00        
14.92        43.14        0.00        0.00        -100.00        
14.94        43.20        0.00        0.00        -100.00        
14.96        43.26        0.00        0.00        -100.00        
14.98        43.31        0.00        0.00        -100.00        
15.00        43.37        0.00        0.00        -100.00        
15.02        43.42        0.00        0.00        -100.00        
15.04        43.48        0.00        0.00        -100.00        
15.06        43.54        0.00        0.00        -100.00        
15.08        43.59        0.00        0.00        -100.00        
15.10        43.65        0.00        0.00        -100.00        
15.12        43.70        0.00        0.00        -100.00        
15.14        43.76        0.00        0.00        -100.00        
15.16        43.81        0.00        0.00        -100.00        
15.18        43.87        0.00        0.00        -100.00        
15.20        43.92        0.00        0.00        -100.00        
15.22        43.98        0.00        0.00        -100.00        
15.24        44.03        0.00        0.00        -100.00        
15.26        44.08        0.00        0.00        -100.00        
15.28        44.14        0.00        0.00        -100.00        
15.30        44.19        0.00        0.00        -100.00        
15.32        44.25        0.00        0.00        -100.00        
15.34        44.30        0.00        0.00        -100.00        
15.36        44.36        0.00        0.00        -100.00        
15.38        44.41        0.00        0.00        -100.00        
15.40        44.46        0.00        0.00        -100.00        
15.42        44.52        0.00        0.00        -100.00        
15.44        44.57        0.00        0.00        -100.00        
15.46        44.62        0.00        0.00        -100.00        
15.48        44.68        0.00        0.00        -100.00        
15.50        44.73        0.00        0.00        -100.00        
15.52        44.78        0.00        0.00        -100.00        
15.54        44.84        0.00        0.00        -100.00        
15.56        44.89        0.00        0.00        -100.00        
15.58        44.94        0.00        0.00        -100.00        
15.60        45.00        0.00        0.00        -100.00        
15.62        45.05        0.00        0.00        -100.00        
15.64        45.10        0.00        0.00        -100.00        
15.66        45.15        0.00        0.00        -100.00        
15.68        45.21        0.00        0.00        -100.00        
15.70        45.26        0.00        0.00        -100.00        
15.72        45.31        0.00        0.00        -100.00        
15.74        45.36        0.00        0.00        -100.00        
15.76        45.42        0.00        0.00        -100.00        
15.78        45.47        0.00        0.00        -100.00        
15.80        45.52        0.00        0.00        -100.00        
15.82        45.57        0.00        0.00        -100.00        
15.84        45.62        0.00        0.00        -100.00        
15.86        45.67        0.00        0.00        -100.00        
15.88        45.73        0.00        0.00        -100.00        
15.90        45.78        0.00        0.00        -100.00        
15.92        45.83        0.00        0.00        -100.00        
15.94        45.88        0.00        0.00        -100.00        
15.96        45.93        0.00        0.00        -100.00        
15.98        45.98        0.00        0.00        -100.00        
16.00        46.03        0.00        0.00        -100.00        
16.02        46.08        0.00        0.00        -100.00        
16.04        46.14        0.00        0.00        -100.00        
16.06        46.19        0.00        0.00        -100.00        
16.08        46.24        0.00        0.00        -100.00        
16.10        46.29        0.00        0.00        -100.00        
16.12        46.34        0.00        0.00        -100.00        
16.14        46.39        0.00        0.00        -100.00        
16.16        46.44        0.00        0.00        -100.00        
16.18        46.49        0.00        0.00        -100.00        
16.20        46.54        0.00        0.00        -100.00        
16.22        46.59        0.00        0.00        -100.00        
16.24        46.64        0.00        0.00        -100.00        
16.26        46.69        0.00        0.00        -100.00        
16.28        46.74        0.00        0.00        -100.00        
16.30        46.79        0.00        0.00        -100.00        
16.32        46.84        0.00        0.00        -100.00        
16.34        46.89        0.00        0.00        -100.00        
16.36        46.94        0.00        0.00        -100.00        
16.38        46.98        0.00        0.00        -100.00        
16.40        47.03        0.00        0.00        -100.00        
16.42        47.08        0.00        0.00        -100.00        
16.44        47.13        0.00        0.00        -100.00        
16.46        47.18        0.00        0.00        -100.00        
16.48        47.23        0.00        0.00        -100.00        
16.50        47.28        0.00        0.00        -100.00        
16.52        47.33        0.00        0.00        -100.00        
16.54        47.38        0.00        0.00        -100.00        
16.56        47.42        0.00        0.00        -100.00        
16.58        47.47        0.00        0.00        -100.00        
16.60        47.52        0.00        0.00        -100.00        
16.62        47.57        0.00        0.00        -100.00        
16.64        47.62        0.00        0.00        -100.00        
16.66        47.66        0.00        0.00        -100.00        
16.68        47.71        0.00        0.00        -100.00        
16.70        47.76        0.00        0.00        -100.00        
16.72        47.81        0.00        0.00        -100.00        
16.74        47.86        0.00        0.00        -100.00        
16.76        47.90        0.00        0.00        -100.00        
16.78        47.95        0.00        0.00        -100.00        
16.80        48.00        0.00        0.00        -100.00        
16.82        48.05        0.00        0.00        -100.00        
16.84        48.09        0.00        0.00        -100.00        
16.86        48.14        0.00        0.00        -100.00        
16.88        48.19        0.00        0.00        -100.00        
16.90        48.23        0.00        0.00        -100.00        
16.92        48.28        0.00        0.00        -100.00        
16.94        48.33        0.00        0.00        -100.00        
16.96        48.37        0.00        0.00        -100.00        
16.98        48.42        0.00        0.00        -100.00        
17.00        48.47        0.00        0.00        -100.00        
17.02        48.51        0.00        0.00        -100.00        
17.04        48.56        0.00        0.00        -100.00        
17.06        48.61        0.00        0.00        -100.00        
17.08        48.65        0.00        0.00        -100.00        
17.10        48.70        0.00        0.00        -100.00        
17.12        48.74        0.00        0.00        -100.00        
17.14        48.79        0.00        0.00        -100.00        
17.16        48.84        0.00        0.00        -100.00        
17.18        48.88        0.00        0.00        -100.00        
17.20        48.93        0.00        0.00        -100.00        
17.22        48.97        0.00        0.00        -100.00        
17.24        49.02        0.00        0.00        -100.00        
17.26        49.06        0.00        0.00        -100.00        
17.28        49.11        0.00        0.00        -100.00        
17.30        49.16        0.00        0.00        -100.00        
17.32        49.20        0.00        0.00        -100.00        
17.34        49.25        0.00        0.00        -100.00        
17.36        49.29        0.00        0.00        -100.00        
17.38        49.34        0.00        0.00        -100.00        
17.40        49.38        0.00        0.00        -100.00        
17.42        49.43        0.00        0.00        -100.00        
17.44        49.47        0.00        0.00        -100.00        
17.46        49.51        0.00        0.00        -100.00        
17.48        49.56        0.00        0.00        -100.00        
17.50        49.60        0.00        0.00        -100.00        
17.52        49.65        0.00        0.00        -100.00        
17.54        49.69        0.00        0.00        -100.00        
17.56        49.74        0.00        0.00        -100.00        
17.58        49.78        0.00        0.00        -100.00        
17.60        49.82        0.00        0.00        -100.00        
17.62        49.87        0.00        0.00        -100.00        
17.64        49.91        0.00        0.00        -100.00        
17.66        49.96        0.00        0.00        -100.00        
17.68        50.00        0.00        0.00        -100.00        
17.70        50.04        0.00        0.00        -100.00        
17.72        50.09        0.00        0.00        -100.00        
17.74        50.13        0.00        0.00        -100.00        
17.76        50.17        0.00        0.00        -100.00        
17.78        50.22        0.00        0.00        -100.00        
17.80        50.26        0.00        0.00        -100.00        
17.82        50.30        0.00        0.00        -100.00        
17.84        50.35        0.00        0.00        -100.00        
17.86        50.39        0.00        0.00        -100.00        
17.88        50.43        0.00        0.00        -100.00        
17.90        50.48        0.00        0.00        -100.00        
17.92        50.52        0.00        0.00        -100.00        
17.94        50.56        0.00        0.00        -100.00        
17.96        50.60        0.00        0.00        -100.00        
17.98        50.65        0.00        0.00        -100.00        
18.00        50.69        0.00        0.00        -100.00        
18.02        50.73        0.00        0.00        -100.00        
18.04        50.77        0.00        0.00        -100.00        
18.06        50.82        0.00        0.00        -100.00        
18.08        50.86        0.00        0.00        -100.00        
18.10        50.90        0.00        0.00        -100.00        
18.12        50.94        0.00        0.00        -100.00        
18.14        50.98        0.00        0.00        -100.00        
18.16        51.03        0.00        0.00        -100.00        
18.18        51.07        0.00        0.00        -100.00        
18.20        51.11        0.00        0.00        -100.00        
18.22        51.15        0.00        0.00        -100.00        
18.24        51.19        0.00        0.00        -100.00        
18.26        51.23        0.00        0.00        -100.00        
18.28        51.28        0.00        0.00        -100.00        
18.30        51.32        0.00        0.00        -100.00        
18.32        51.36        0.00        0.00        -100.00        
18.34        51.40        0.00        0.00        -100.00        
18.36        51.44        0.00        0.00        -100.00        
18.38        51.48        0.00        0.00        -100.00        
18.40        51.52        0.00        0.00        -100.00        
18.42        51.56        0.00        0.00        -100.00        
18.44        51.60        0.00        0.00        -100.00        
18.46        51.65        0.00        0.00        -100.00        
18.48        51.69        0.00        0.00        -100.00        
18.50        51.73        0.00        0.00        -100.00        
18.52        51.77        0.00        0.00        -100.00        
18.54        51.81        0.00        0.00        -100.00        
18.56        51.85        0.00        0.00        -100.00        
18.58        51.89        0.00        0.00        -100.00        
18.60        51.93        0.00        0.00        -100.00        
18.62        51.97        0.00        0.00        -100.00        
18.64        52.01        0.00        0.00        -100.00        
18.66        52.05        0.00        0.00        -100.00        
18.68        52.09        0.00        0.00        -100.00        
18.70        52.13        0.00        0.00        -100.00        
18.72        52.17        0.00        0.00        -100.00        
18.74        52.21        0.00        0.00        -100.00        
18.76        52.25        0.00        0.00        -100.00        
18.78        52.29        0.00        0.00        -100.00        
18.80        52.33        0.00        0.00        -100.00        
18.82        52.37        0.00        0.00        -100.00        
