Time        Speed       Wheel       Brake       Acceleration 
6.78        28.45        -0.90        0.00        -100.00        
6.80        28.53        -0.90        0.00        -100.00        
6.82        28.62        -0.90        0.00        -100.00        
6.84        28.70        -0.90        0.00        -100.00        
6.86        28.78        -0.90        0.00        -100.00        
6.88        28.86        -0.90        0.00        -100.00        
6.90        28.95        -0.90        0.00        -100.00        
6.92        29.03        -0.90        0.00        -100.00        
6.94        29.11        -0.90        0.00        -100.00        
6.96        29.19        -0.90        0.00        -100.00        
6.98        29.27        -0.90        0.00        -100.00        
7.00        29.35        -0.90        0.00        -100.00        
7.02        29.44        -0.90        0.00        -100.00        
7.04        29.52        -0.90        0.00        -100.00        
7.06        29.60        -0.90        0.00        -100.00        
7.08        29.68        -0.90        0.00        -100.00        
7.10        29.76        -0.90        0.00        -100.00        
7.12        29.84        -0.90        0.00        -100.00        
7.14        29.92        -0.90        0.00        -100.00        
7.16        30.00        -0.90        0.00        -100.00        
7.18        30.08        -0.90        0.00        -100.00        
7.20        30.16        -0.90        0.00        -100.00        
7.22        30.24        -0.90        0.00        -100.00        
7.24        30.32        -0.90        0.00        -100.00        
7.26        30.40        -0.90        0.00        -100.00        
7.28        30.48        -0.90        0.00        -100.00        
7.30        30.56        -0.90        0.00        -100.00        
7.32        30.64        -0.90        0.00        -100.00        
7.34        30.72        -0.90        0.00        -100.00        
7.36        30.79        -0.90        0.00        -100.00        
7.38        30.87        -0.90        0.00        -100.00        
7.40        30.95        -0.90        0.00        -100.00        
7.42        31.03        -0.90        0.00        -100.00        
7.44        31.11        -0.90        0.00        -100.00        
7.46        31.19        -0.90        0.00        -100.00        
7.48        31.26        -0.90        0.00        -100.00        
7.50        31.34        -0.90        0.00        -100.00        
7.52        31.42        -0.90        0.00        -100.00        
7.54        31.50        -0.90        0.00        -100.00        
7.56        31.57        -0.90        0.00        -100.00        
7.58        31.65        -0.90        0.00        -100.00        
7.60        31.73        -0.90        0.00        -100.00        
7.62        31.80        -0.90        0.00        -100.00        
7.64        31.88        -0.90        0.00        -100.00        
7.66        31.96        -0.90        0.00        -100.00        
7.68        32.03        -0.90        0.00        -100.00        
7.70        32.11        -0.90        0.00        -100.00        
7.72        32.19        -0.90        0.00        -100.00        
7.74        32.26        -0.90        0.00        -100.00        
7.76        32.34        -0.90        0.00        -100.00        
7.78        32.41        -0.90        0.00        -100.00        
7.80        32.49        -0.90        0.00        -100.00        
7.82        32.57        -0.90        0.00        -100.00        
7.84        32.64        -0.90        0.00        -100.00        
7.86        32.72        -0.90        0.00        -100.00        
7.88        32.79        -0.90        0.00        -100.00        
7.90        32.87        -0.90        0.00        -100.00        
7.92        32.94        -0.90        0.00        -100.00        
7.94        33.02        -0.90        0.00        -100.00        
7.96        33.09        -0.90        0.00        -100.00        
7.98        33.16        -0.90        0.00        -100.00        
8.00        33.24        -0.90        0.00        -100.00        
8.02        33.31        -0.90        0.00        -100.00        
8.04        33.39        -0.90        0.00        -100.00        
8.06        33.46        -0.90        0.00        -100.00        
8.08        33.53        -0.90        0.00        -100.00        
8.10        33.61        -0.90        0.00        -100.00        
8.12        33.68        -0.90        0.00        -100.00        
8.14        33.75        -0.90        0.00        -100.00        
8.16        33.83        -0.90        0.00        -100.00        
8.18        33.90        -0.90        0.00        -100.00        
8.20        33.97        -0.90        0.00        -100.00        
8.22        34.05        -0.90        0.00        -100.00        
8.24        34.12        -0.90        0.00        -100.00        
8.26        34.19        -0.90        0.00        -100.00        
8.28        34.26        -0.90        0.00        -100.00        
8.30        34.34        -0.90        0.00        -100.00        
8.32        34.41        -0.90        0.00        -100.00        
8.34        34.48        -0.90        0.00        -100.00        
8.36        34.55        -0.90        0.00        -100.00        
8.38        34.62        -0.90        0.00        -100.00        
8.40        34.70        -0.90        0.00        -100.00        
8.42        34.77        -0.90        0.00        -100.00        
8.44        34.84        -0.90        0.00        -100.00        
8.46        34.91        -0.90        0.00        -100.00        
8.48        34.98        -0.90        0.00        -100.00        
8.50        35.05        -0.90        0.00        -100.00        
8.52        35.12        -0.90        0.00        -100.00        
8.54        35.19        -0.90        0.00        -100.00        
8.56        35.26        -0.90        0.00        -100.00        
8.58        35.33        -0.90        0.00        -100.00        
8.60        35.40        -0.90        0.00        -100.00        
8.62        35.48        -0.90        0.00        -100.00        
8.64        35.55        -0.90        0.00        -100.00        
8.66        35.62        -0.90        0.00        -100.00        
8.68        35.68        -0.90        0.00        -100.00        
8.70        35.75        -0.90        0.00        -100.00        
8.72        35.82        -0.90        0.00        -100.00        
8.74        35.89        -0.90        0.00        -100.00        
8.76        35.96        -0.90        0.00        -100.00        
8.78        36.03        -0.90        0.00        -100.00        
8.80        36.10        -0.90        0.00        -100.00        
8.82        36.17        -0.90        0.00        -100.00        
8.84        36.24        -0.90        0.00        -100.00        
8.86        36.31        -0.90        0.00        -100.00        
8.88        36.38        -0.90        0.00        -100.00        
8.90        36.44        -0.90        0.00        -100.00        
8.92        36.51        -0.90        0.00        -100.00        
8.94        36.58        -0.90        0.00        -100.00        
8.96        36.65        -0.90        0.00        -100.00        
8.98        36.72        -0.90        0.00        -100.00        
9.00        36.78        -0.90        0.00        -100.00        
9.02        36.85        -0.90        0.00        -100.00        
9.04        36.92        -0.90        0.00        -100.00        
9.06        36.99        -0.90        0.00        -100.00        
9.08        37.05        -0.90        0.00        -100.00        
9.10        37.12        -0.90        0.00        -100.00        
9.12        37.19        -0.90        0.00        -100.00        
9.14        37.26        -0.90        0.00        -100.00        
9.16        37.32        -0.90        0.00        -100.00        
9.18        37.39        -0.90        0.00        -100.00        
9.20        37.46        -0.90        0.00        -100.00        
9.22        37.52        -0.90        0.00        -100.00        
9.24        37.59        -0.90        0.00        -100.00        
9.26        37.66        -0.90        0.00        -100.00        
9.28        37.72        -0.90        0.00        -100.00        
9.30        37.79        -0.90        0.00        -100.00        
9.32        37.85        -0.90        0.00        -100.00        
9.34        37.92        -0.90        0.00        -100.00        
9.36        37.98        -0.90        0.00        -100.00        
9.38        38.05        -0.90        0.00        -100.00        
9.40        38.12        -0.90        0.00        -100.00        
9.42        38.18        -0.90        0.00        -100.00        
9.44        38.25        -0.90        0.00        -100.00        
9.46        38.31        -0.90        0.00        -100.00        
9.48        38.38        -0.90        0.00        -100.00        
9.50        38.44        -0.90        0.00        -100.00        
9.52        38.51        -0.90        0.00        -100.00        
9.54        38.57        -0.90        0.00        -100.00        
9.56        38.63        -0.90        0.00        -100.00        
9.58        38.70        -0.90        0.00        -100.00        
9.60        38.76        -0.90        0.00        -100.00        
9.62        38.83        -0.90        0.00        -100.00        
9.64        38.89        -0.90        0.00        -100.00        
9.66        38.95        -0.90        0.00        -100.00        
9.68        39.02        -0.90        0.00        -100.00        
9.70        39.08        -0.90        0.00        -100.00        
9.72        39.15        -0.90        0.00        -100.00        
9.74        39.21        -0.90        0.00        -100.00        
9.76        39.27        -0.90        0.00        -100.00        
9.78        39.34        -0.90        0.00        -100.00        
9.80        39.40        -0.90        0.00        -100.00        
9.82        39.46        -0.90        0.00        -100.00        
9.84        39.52        -0.90        0.00        -100.00        
9.86        39.59        -0.90        0.00        -100.00        
9.88        39.65        -0.90        0.00        -100.00        
9.90        39.71        -0.90        0.00        -100.00        
9.92        39.77        -0.90        0.00        -100.00        
9.94        39.84        -0.90        0.00        -100.00        
9.96        39.90        -0.90        0.00        -100.00        
9.98        39.96        -0.90        0.00        -100.00        
10.00        40.02        -0.90        0.00        -100.00        
10.02        40.08        -0.90        0.00        -100.00        
10.04        40.15        -0.90        0.00        -100.00        
10.06        40.21        -0.90        0.00        -100.00        
10.08        40.27        -0.90        0.00        -100.00        
10.10        40.33        -0.90        0.00        -100.00        
10.12        40.39        -0.90        0.00        -100.00        
10.14        40.45        -0.90        0.00        -100.00        
10.16        40.51        -0.90        0.00        -100.00        
10.18        40.57        -0.90        0.00        -100.00        
10.20        40.64        -0.90        0.00        -100.00        
10.22        40.70        -0.90        0.00        -100.00        
10.24        40.76        -0.90        0.00        -100.00        
10.26        40.82        -0.90        0.00        -100.00        
10.28        40.88        -0.90        0.00        -100.00        
10.30        40.94        -0.90        0.00        -100.00        
10.32        41.00        -0.90        0.00        -100.00        
10.34        41.06        -0.90        0.00        -100.00        
10.36        41.12        -0.90        0.00        -100.00        
10.38        41.18        -0.90        0.00        -100.00        
10.40        41.24        -0.90        0.00        -100.00        
10.42        41.30        -0.90        0.00        -100.00        
10.44        41.36        -0.90        0.00        -100.00        
10.46        41.42        -0.90        0.00        -100.00        
10.48        41.48        -0.90        0.00        -100.00        
10.50        41.53        -0.90        0.00        -100.00        
10.52        41.59        -0.90        0.00        -100.00        
10.54        41.65        -0.90        0.00        -100.00        
10.56        41.71        -0.90        0.00        -100.00        
10.58        41.77        -0.90        0.00        -100.00        
10.60        41.83        -0.90        0.00        -100.00        
10.62        41.89        -0.90        0.00        -100.00        
10.64        41.95        -0.90        0.00        -100.00        
10.66        42.00        -0.90        0.00        -100.00        
10.68        42.06        -0.90        0.00        -100.00        
10.70        42.12        -0.90        0.00        -100.00        
10.72        42.18        -0.90        0.00        -100.00        
10.74        42.24        -0.90        0.00        -100.00        
10.76        42.29        -0.90        0.00        -100.00        
10.78        42.35        -0.90        0.00        -100.00        
10.80        42.41        -0.90        0.00        -100.00        
10.82        42.47        -0.90        0.00        -100.00        
10.84        42.52        -0.90        0.00        -100.00        
10.86        42.58        -0.90        0.00        -100.00        
10.88        42.64        -0.90        0.00        -100.00        
10.90        42.70        -0.90        0.00        -100.00        
10.92        42.75        -0.90        0.00        -100.00        
10.94        42.81        -0.90        0.00        -100.00        
10.96        42.87        -0.90        0.00        -100.00        
10.98        42.92        -0.90        0.00        -100.00        
11.00        42.98        -0.90        0.00        -100.00        
11.02        43.04        -0.90        0.00        -100.00        
11.04        43.09        -0.90        0.00        -100.00        
11.06        43.15        -0.90        0.00        -100.00        
11.08        43.20        -0.90        0.00        -100.00        
11.10        43.26        -0.90        0.00        -100.00        
11.12        43.32        -0.90        0.00        -100.00        
11.14        43.37        -0.90        0.00        -100.00        
11.16        43.43        -0.90        0.00        -100.00        
11.18        43.48        -0.90        0.00        -100.00        
11.20        43.54        -0.90        0.00        -100.00        
11.22        43.59        -0.90        0.00        -100.00        
11.24        43.65        -0.90        0.00        -100.00        
11.26        43.70        -0.90        0.00        -100.00        
11.28        43.76        -0.90        0.00        -100.00        
11.30        43.81        -0.90        0.00        -100.00        
11.32        43.87        -0.90        0.00        -100.00        
11.34        43.92        -0.90        0.00        -100.00        
11.36        43.98        -0.90        0.00        -100.00        
11.38        44.03        -0.90        0.00        -100.00        
11.40        44.09        -0.90        0.00        -100.00        
11.42        44.14        -0.90        0.00        -100.00        
11.44        44.20        -0.90        0.00        -100.00        
11.46        44.25        -0.90        0.00        -100.00        
11.48        44.31        -0.90        0.00        -100.00        
11.50        44.36        -0.90        0.00        -100.00        
11.52        44.41        -0.90        0.00        -100.00        
11.54        44.47        -0.90        0.00        -100.00        
11.56        44.52        -0.90        0.00        -100.00        
11.58        44.57        -0.90        0.00        -100.00        
11.60        44.63        -0.90        0.00        -100.00        
11.62        44.68        -0.90        0.00        -100.00        
11.64        44.73        -0.90        0.00        -100.00        
11.66        44.79        -0.90        0.00        -100.00        
11.68        44.84        -0.90        0.00        -100.00        
11.70        44.89        -0.90        0.00        -100.00        
11.72        44.95        -0.90        0.00        -100.00        
11.74        45.00        -0.90        0.00        -100.00        
11.76        45.05        -0.90        0.00        -100.00        
11.78        45.11        -0.90        0.00        -100.00        
11.80        45.16        -0.90        0.00        -100.00        
11.82        45.21        -0.90        0.00        -100.00        
11.84        45.26        -0.90        0.00        -100.00        
11.86        45.32        -0.90        0.00        -100.00        
11.88        45.37        -0.90        0.00        -100.00        
11.90        45.42        -0.90        0.00        -100.00        
11.92        45.47        -0.90        0.00        -100.00        
11.94        45.52        -0.90        0.00        -100.00        
11.96        45.58        -0.90        0.00        -100.00        
11.98        45.63        -0.90        0.00        -100.00        
12.00        45.68        -0.90        0.00        -100.00        
12.02        45.73        -0.90        0.00        -100.00        
12.04        45.78        -0.90        0.00        -100.00        
12.06        45.83        -0.90        0.00        -100.00        
12.08        45.88        -0.90        0.00        -100.00        
12.10        45.94        -0.90        0.00        -100.00        
12.12        45.99        -0.90        0.00        -100.00        
12.14        46.04        -0.90        0.00        -100.00        
12.16        46.09        -0.90        0.00        -100.00        
12.18        46.14        -0.90        0.00        -100.00        
12.20        46.19        -0.90        0.00        -100.00        
12.22        46.24        -0.90        0.00        -100.00        
12.24        46.29        -0.90        0.00        -100.00        
12.26        46.34        -0.90        0.00        -100.00        
12.28        46.39        -0.90        0.00        -100.00        
12.30        46.44        -0.90        0.00        -100.00        
12.32        46.49        -0.90        0.00        -100.00        
12.34        46.54        -0.90        0.00        -100.00        
12.36        46.59        -0.90        0.00        -100.00        
12.38        46.64        -0.90        0.00        -100.00        
12.40        46.69        -0.90        0.00        -100.00        
12.42        46.74        -0.90        0.00        -100.00        
12.44        46.79        -0.90        0.00        -100.00        
12.46        46.84        -0.90        0.00        -100.00        
12.48        46.89        -0.90        0.00        -100.00        
12.50        46.94        -0.90        0.00        -100.00        
12.52        46.99        -0.90        0.00        -100.00        
12.54        47.04        -0.90        0.00        -100.00        
12.56        47.09        -0.90        0.00        -100.00        
12.58        47.14        -0.90        0.00        -100.00        
12.60        47.18        -0.90        0.00        -100.00        
12.62        47.23        -0.90        0.00        -100.00        
12.64        47.28        -0.90        0.00        -100.00        
12.66        47.33        -0.90        0.00        -100.00        
12.68        47.38        -0.90        0.00        -100.00        
12.70        47.43        -0.90        0.00        -100.00        
12.72        47.48        -0.90        0.00        -100.00        
12.74        47.52        -0.90        0.00        -100.00        
12.76        47.57        -0.90        0.00        -100.00        
12.78        47.62        -0.90        0.00        -100.00        
12.80        47.67        -0.90        0.00        -100.00        
12.82        47.72        -0.90        0.00        -100.00        
12.84        47.76        -0.90        0.00        -100.00        
12.86        47.81        -0.90        0.00        -100.00        
12.88        47.86        -0.90        0.00        -100.00        
12.90        47.91        -0.90        0.00        -100.00        
12.92        47.95        -0.90        0.00        -100.00        
12.94        48.00        -0.90        0.00        -100.00        
12.96        48.05        -0.90        0.00        -100.00        
12.98        48.10        -0.90        0.00        -100.00        
13.00        48.14        -0.90        0.00        -100.00        
13.02        48.19        -0.90        0.00        -100.00        
13.04        48.24        -0.90        0.00        -100.00        
13.06        48.28        -0.90        0.00        -100.00        
13.08        48.33        -0.90        0.00        -100.00        
13.10        48.38        -0.90        0.00        -100.00        
13.12        48.42        -0.90        0.00        -100.00        
13.14        48.47        -0.90        0.00        -100.00        
13.16        48.52        -0.90        0.00        -100.00        
13.18        48.56        -0.90        0.00        -100.00        
13.20        48.61        -0.90        0.00        -100.00        
13.22        48.66        -0.90        0.00        -100.00        
13.24        48.70        -0.90        0.00        -100.00        
13.26        48.75        -0.90        0.00        -100.00        
13.28        48.79        -0.90        0.00        -100.00        
13.30        48.84        -0.90        0.00        -100.00        
13.32        48.89        -0.90        0.00        -100.00        
13.34        48.93        -0.90        0.00        -100.00        
13.36        48.98        -0.90        0.00        -100.00        
13.38        49.02        -0.90        0.00        -100.00        
13.40        49.07        -0.90        0.00        -100.00        
13.42        49.11        -0.90        0.00        -100.00        
13.44        49.16        -0.90        0.00        -100.00        
13.46        49.20        -0.90        0.00        -100.00        
13.48        49.25        -0.90        0.00        -100.00        
13.50        49.29        -0.90        0.00        -100.00        
13.52        49.34        -0.90        0.00        -100.00        
13.54        49.38        -0.90        0.00        -100.00        
13.56        49.43        -0.90        0.00        -100.00        
13.58        49.47        -0.90        0.00        -100.00        
13.60        49.52        -0.90        0.00        -100.00        
13.62        49.56        -0.90        0.00        -100.00        
13.64        49.61        -0.90        0.00        -100.00        
13.66        49.65        -0.90        0.00        -100.00        
13.68        49.70        -0.90        0.00        -100.00        
13.70        49.74        -0.90        0.00        -100.00        
13.72        49.78        -0.90        0.00        -100.00        
13.74        49.83        -0.90        0.00        -100.00        
13.76        49.87        -0.90        0.00        -100.00        
13.78        49.92        -0.90        0.00        -100.00        
13.80        49.96        -0.90        0.00        -100.00        
13.82        50.00        -0.90        0.00        -100.00        
13.84        50.05        -0.90        0.00        -100.00        
13.86        50.09        -0.90        0.00        -100.00        
13.88        50.13        -0.90        0.00        -100.00        
13.90        50.18        -0.90        0.00        -100.00        
13.92        50.22        -0.90        0.00        -100.00        
13.94        50.26        -0.90        0.00        -100.00        
13.96        50.31        -0.90        0.00        -100.00        
13.98        50.35        -0.90        0.00        -100.00        
14.00        50.39        -0.90        0.00        -100.00        
14.02        50.44        -0.90        0.00        -100.00        
14.04        50.48        -0.90        0.00        -100.00        
14.06        50.52        -0.90        0.00        -100.00        
14.08        50.57        -0.90        0.00        -100.00        
14.10        50.61        -0.90        0.00        -100.00        
14.12        50.65        -0.90        0.00        -100.00        
14.14        50.69        -0.90        0.00        -100.00        
14.16        50.74        -0.90        0.00        -100.00        
14.18        50.78        -0.90        0.00        -100.00        
14.20        50.82        -0.90        0.00        -100.00        
14.22        50.86        -0.90        0.00        -100.00        
14.24        50.90        -0.90        0.00        -100.00        
14.26        50.95        -0.90        0.00        -100.00        
14.28        50.99        -0.90        0.00        -100.00        
14.30        51.03        -0.90        0.00        -100.00        
14.32        51.07        -0.90        0.00        -100.00        
14.34        51.11        -0.90        0.00        -100.00        
14.36        51.16        -0.90        0.00        -100.00        
14.38        51.20        -0.90        0.00        -100.00        
14.40        51.24        -0.90        0.00        -100.00        
14.42        51.28        -0.90        0.00        -100.00        
14.44        51.32        -0.90        0.00        -100.00        
14.46        51.36        -0.90        0.00        -100.00        
14.48        51.40        -0.90        0.00        -100.00        
14.50        51.44        -0.90        0.00        -100.00        
14.52        51.49        -0.90        0.00        -100.00        
14.54        51.53        -0.90        0.00        -100.00        
14.56        51.57        -0.90        0.00        -100.00        
14.58        51.61        -0.90        0.00        -100.00        
14.60        51.65        -0.90        0.00        -100.00        
14.62        51.69        -0.90        0.00        -100.00        
14.64        51.73        -0.90        0.00        -100.00        
14.66        51.77        -0.90        0.00        -100.00        
14.68        51.81        -0.90        0.00        -100.00        
14.70        51.85        -0.90        0.00        -100.00        
14.72        51.89        -0.90        0.00        -100.00        
14.74        51.93        -0.90        0.00        -100.00        
14.76        51.97        -0.90        0.00        -100.00        
14.78        52.01        -0.90        0.00        -100.00        
14.80        52.05        -0.90        0.00        -100.00        
14.82        52.09        -0.90        0.00        -100.00        
14.84        52.13        -0.90        0.00        -100.00        
14.86        52.17        -0.90        0.00        -100.00        
14.88        52.21        -0.90        0.00        -100.00        
14.90        52.25        -0.90        0.00        -100.00        
14.92        52.29        -0.90        0.00        -100.00        
14.94        52.33        -0.90        0.00        -100.00        
